log=yelp
lr=0.002
weight_decay=0.0005
momentum=0.95
epochs=500
batch_size=10000
seed=1234
log_freq=1
eval_freq=1
device=cuda:0
embedding_dim=50
network=resSumGCN
scale=0.1
max_norm=1.5
num_layers=7
margin=0.3
ssl_ratio=0.1
ssl_temp=0.05
ssl_reg=0.005
dataset=yelp
num_neg=1
test_ratio=0.2
norm_adj=True
Train:  1 1726.82263 845.50330 881.31915
Test:  2	0.01593	0.02969	0.01424	0.01914
Train:  2 1115.08069 377.05637 738.02423
Test:  3	0.01891	0.03490	0.01673	0.02237
Train:  3 1099.20093 294.92505 804.27576
Test:  4	0.02129	0.03879	0.01845	0.02467
Train:  4 1042.08301 255.33707 786.74585
Test:  5	0.02290	0.04162	0.01976	0.02640
Train:  5 909.23004 234.89462 674.33514
Test:  6	0.02418	0.04349	0.02099	0.02782
Train:  6 965.74628 211.75420 753.99237
Test:  7	0.02565	0.04519	0.02216	0.02909
Train:  7 1039.16309 195.80077 843.36237
Test:  8	0.02641	0.04704	0.02274	0.03008
Train:  8 820.40076 186.64062 633.76019
Test:  9	0.02701	0.04829	0.02331	0.03088
Train:  9 789.94141 175.40001 614.54150
Test: 10	0.02790	0.04933	0.02402	0.03165
Train: 10 774.36108 174.54646 599.81439
Test: 11	0.02871	0.05064	0.02464	0.03243
Train: 11 859.33618 163.27200 696.06378
Test: 12	0.02925	0.05207	0.02512	0.03324
Train: 12 733.67944 156.24284 577.43671
Test: 13	0.03003	0.05282	0.02575	0.03387
Train: 13 720.97980 155.66528 565.31458
Test: 14	0.03062	0.05424	0.02632	0.03473
Train: 14 817.40637 150.41290 666.99329
Test: 15	0.03133	0.05499	0.02694	0.03532
Train: 15 917.26538 146.47385 770.79144
Test: 16	0.03197	0.05628	0.02748	0.03611
Train: 16 680.62384 139.51036 541.11322
Test: 17	0.03253	0.05693	0.02797	0.03663
Train: 17 666.56799 136.71602 529.85193
Test: 18	0.03320	0.05802	0.02858	0.03742
Train: 18 661.24274 141.09802 520.14478
Test: 19	0.03390	0.05891	0.02912	0.03801
Train: 19 646.02655 134.60226 511.42416
Test: 20	0.03422	0.05957	0.02947	0.03849
Train: 20 986.23401 132.41669 853.81744
Test: 21	0.03507	0.06044	0.03006	0.03907
Train: 21 743.39795 126.06499 617.33295
Test: 22	0.03524	0.06126	0.03037	0.03960
Train: 22 851.46039 126.14816 725.31250
Test: 23	0.03590	0.06214	0.03084	0.04016
Train: 23 610.09119 122.07635 488.01492
Test: 24	0.03634	0.06260	0.03119	0.04051
Train: 24 837.22186 122.21128 715.01093
Test: 25	0.03668	0.06351	0.03149	0.04098
Train: 25 715.30853 123.76881 591.53961
Test: 26	0.03724	0.06428	0.03189	0.04148
Train: 26 587.34375 119.35074 467.99326
Test: 27	0.03760	0.06498	0.03225	0.04195
Train: 27 577.07593 117.03600 460.04010
Test: 28	0.03793	0.06585	0.03255	0.04245
Train: 28 570.18817 116.49552 453.69278
Test: 29	0.03848	0.06640	0.03292	0.04282
Train: 29 684.94305 118.23905 566.70392
Test: 30	0.03879	0.06720	0.03329	0.04336
Train: 30 553.81610 112.02686 441.78931
Test: 31	0.03925	0.06774	0.03365	0.04373
Train: 31 694.29846 113.52537 580.77307
Test: 32	0.03972	0.06825	0.03392	0.04403
Train: 32 664.31561 111.86573 552.44995
Test: 33	0.04007	0.06901	0.03415	0.04441
Train: 33 537.59448 111.75216 425.84250
Test: 34	0.04020	0.06958	0.03442	0.04483
Train: 34 532.62982 112.34277 420.28705
Test: 35	0.04044	0.07014	0.03464	0.04517
Train: 35 525.04724 110.60930 414.43787
Test: 36	0.04108	0.07080	0.03513	0.04565
Train: 36 520.12793 110.38116 409.74680
Test: 37	0.04160	0.07116	0.03549	0.04596
Train: 37 634.13708 106.23673 527.90015
Test: 38	0.04180	0.07164	0.03575	0.04633
Train: 38 630.35645 105.97814 524.37830
Test: 39	0.04199	0.07230	0.03598	0.04671
Train: 39 623.23438 102.74178 520.49255
Test: 40	0.04215	0.07259	0.03621	0.04698
Train: 40 496.27475 103.38413 392.89056
Test: 41	0.04251	0.07317	0.03648	0.04730
Train: 41 492.82248 104.26718 388.55551
Test: 42	0.04270	0.07348	0.03668	0.04755
Train: 42 485.18295 101.33784 383.84506
Test: 43	0.04311	0.07402	0.03697	0.04790
Train: 43 607.22522 102.48843 504.73676
Test: 44	0.04331	0.07430	0.03715	0.04808
Train: 44 481.95807 104.73486 377.22321
Test: 45	0.04342	0.07484	0.03722	0.04830
Train: 45 477.42188 104.32619 373.09561
Test: 46	0.04360	0.07514	0.03743	0.04858
Train: 46 472.22949 102.51308 369.71649
Test: 47	0.04379	0.07565	0.03759	0.04883
Train: 47 464.49808 98.72088 365.77725
Test: 48	0.04400	0.07582	0.03779	0.04902
Train: 48 460.42209 97.90393 362.51813
Test: 49	0.04421	0.07641	0.03794	0.04929
Train: 49 459.67114 100.76222 358.90897
Test: 50	0.04456	0.07653	0.03819	0.04945
Train: 50 580.11993 98.17289 481.94681
Test: 51	0.04456	0.07696	0.03828	0.04971
Train: 51 577.57623 97.78820 479.78799
Test: 52	0.04501	0.07713	0.03860	0.04991
Train: 52 573.97272 96.25774 477.71518
Test: 53	0.04505	0.07747	0.03865	0.05010
Train: 53 445.10596 96.32048 348.78555
Test: 54	0.04528	0.07773	0.03884	0.05029
Train: 54 570.59991 98.39296 472.20691
Test: 55	0.04540	0.07788	0.03901	0.05046
Train: 55 568.07806 98.08515 469.99292
Test: 56	0.04591	0.07818	0.03936	0.05071
Train: 56 563.59332 95.33161 468.26184
Test: 57	0.04597	0.07842	0.03943	0.05086
Train: 57 811.55768 93.26377 718.29425
Test: 58	0.04616	0.07860	0.03958	0.05100
Train: 58 557.62793 91.87662 465.75128
Test: 59	0.04623	0.07873	0.03971	0.05113
Train: 59 554.53137 91.79922 462.73224
Test: 60	0.04655	0.07903	0.03992	0.05131
Train: 60 677.45459 90.06411 587.39050
Test: 61	0.04669	0.07921	0.04003	0.05146
Train: 61 573.61261 88.94105 484.67154
Test: 62	0.04675	0.07942	0.04020	0.05169
Train: 62 772.70038 88.10100 684.59961
Test: 63	0.04688	0.07942	0.04030	0.05174
Train: 63 418.81570 88.46604 330.34955
Test: 64	0.04711	0.07956	0.04050	0.05190
Train: 64 415.11801 88.10814 327.00992
Test: 65	0.04741	0.07981	0.04071	0.05207
Train: 65 411.70468 87.56207 324.14258
Test: 66	0.04747	0.08009	0.04077	0.05221
Train: 66 535.49506 86.19984 449.29532
Test: 67	0.04754	0.08030	0.04089	0.05238
Train: 67 404.81171 84.09175 320.71982
Test: 68	0.04778	0.08056	0.04105	0.05257
Train: 68 402.18411 84.06589 318.11823
Test: 69	0.04781	0.08079	0.04108	0.05268
Train: 69 555.06677 86.44836 468.61832
Test: 70	0.04789	0.08087	0.04120	0.05281
Train: 70 655.69818 86.35941 569.33868
Test: 71	0.04789	0.08108	0.04119	0.05289
Train: 71 400.77701 87.29384 313.48325
Test: 72	0.04824	0.08136	0.04149	0.05311
Train: 72 523.32312 84.58701 438.73630
Test: 73	0.04839	0.08132	0.04159	0.05315
Train: 73 397.62216 87.46693 310.15521
Test: 74	0.04848	0.08156	0.04163	0.05324
Train: 74 392.53702 84.73151 307.80530
Test: 75	0.04865	0.08167	0.04178	0.05338
Train: 75 494.44595 85.57291 408.87305
Test: 76	0.04887	0.08214	0.04195	0.05364
Train: 76 643.77625 82.30499 561.47113
Test: 77	0.04870	0.08208	0.04192	0.05363
Train: 77 385.44785 80.72726 304.72058
Test: 78	0.04888	0.08231	0.04208	0.05382
Train: 78 383.94006 81.23734 302.70270
Test: 79	0.04881	0.08241	0.04209	0.05391
Train: 79 380.56647 80.04707 300.51953
Test: 80	0.04895	0.08262	0.04221	0.05409
Train: 80 382.58096 83.26987 299.31100
Test: 81	0.04916	0.08287	0.04247	0.05431
Train: 81 509.27432 83.07468 426.19955
Test: 82	0.04914	0.08319	0.04247	0.05443
Train: 82 509.08899 82.83454 426.25439
Test: 83	0.04942	0.08335	0.04256	0.05446
Train: 83 374.99988 79.16110 295.83878
Test: 84	0.04945	0.08336	0.04262	0.05450
Train: 84 502.80057 80.43926 422.36105
Test: 85	0.04935	0.08367	0.04261	0.05467
Train: 85 372.47803 78.91607 293.56204
Test: 86	0.04953	0.08378	0.04273	0.05476
Train: 86 499.53491 79.09923 420.43567
Test: 87	0.04965	0.08405	0.04283	0.05491
Train: 87 368.28934 77.16949 291.11993
Test: 88	0.04981	0.08386	0.04297	0.05489
Train: 88 369.27768 79.84062 289.43710
Test: 89	0.04992	0.08406	0.04304	0.05502
Train: 89 369.42761 81.10286 288.32477
Test: 90	0.04999	0.08422	0.04310	0.05513
Train: 90 366.14749 79.08883 287.05856
Test: 91	0.05021	0.08425	0.04319	0.05516
Train: 91 364.59653 78.82368 285.77298
Test: 92	0.05006	0.08442	0.04318	0.05525
Train: 92 357.58395 72.83419 284.74982
Test: 93	0.05014	0.08440	0.04330	0.05533
Train: 93 363.16342 79.89343 283.26996
Test: 94	0.05027	0.08436	0.04346	0.05542
Train: 94 878.59314 78.97881 799.61426
Test: 95	0.05017	0.08448	0.04339	0.05543
Train: 95 366.22205 82.13226 284.08990
Test: 96	0.05042	0.08474	0.04352	0.05556
Train: 96 618.77802 78.39028 540.38770
Test: 97	0.05041	0.08486	0.04353	0.05562
Train: 97 362.53033 79.49735 283.03311
Test: 98	0.05050	0.08508	0.04365	0.05575
Train: 98 489.23621 78.63496 410.60138
Test: 99	0.05040	0.08533	0.04360	0.05586
Train: 99 358.07672 77.81695 280.25980
Test:100	0.05053	0.08539	0.04372	0.05598
Train:100 357.42468 77.93284 279.49197
Test:101	0.05048	0.08559	0.04374	0.05610
Train:101 356.00647 77.66389 278.34262
Test:102	0.05083	0.08569	0.04396	0.05620
Train:102 483.91919 76.64997 407.26929
Test:103	0.05086	0.08570	0.04399	0.05622
Train:103 353.12320 76.44907 276.67422
Test:104	0.05108	0.08571	0.04410	0.05624
Train:104 352.51193 77.12489 275.38699
Test:105	0.05108	0.08568	0.04412	0.05629
Train:105 350.97751 76.13224 274.84521
Test:106	0.05101	0.08571	0.04420	0.05637
Train:106 353.07892 79.22704 273.85196
Test:107	0.05120	0.08600	0.04427	0.05650
Train:107 347.93842 74.56840 273.36993
Test:108	0.05110	0.08581	0.04425	0.05644
Train:108 350.50354 78.30803 272.19556
Test:109	0.05109	0.08607	0.04425	0.05654
Train:109 351.49893 80.27557 271.22345
Test:110	0.05147	0.08632	0.04448	0.05672
Train:110 349.50952 78.35307 271.15649
Test:111	0.05147	0.08644	0.04447	0.05673
Train:111 473.53165 74.17310 399.35855
Test:112	0.05153	0.08630	0.04448	0.05671
Train:112 475.44217 75.04734 400.39499
Test:113	0.05142	0.08631	0.04449	0.05674
Train:113 343.52328 73.94010 269.58310
Test:114	0.05142	0.08637	0.04453	0.05683
Train:114 734.59790 76.84745 657.75043
Test:115	0.05144	0.08652	0.04460	0.05692
Train:115 475.06302 74.70820 400.35504
Test:116	0.05157	0.08658	0.04468	0.05696
Train:116 342.37851 73.27578 269.10263
Test:117	0.05166	0.08674	0.04470	0.05701
Train:117 601.07019 73.43778 527.63245
Test:118	0.05174	0.08676	0.04480	0.05707
Train:118 343.79971 75.40778 268.39194
Test:119	0.05188	0.08682	0.04497	0.05720
Train:119 340.26740 72.74408 267.52319
Test:120	0.05186	0.08679	0.04489	0.05715
Train:120 338.49854 71.64347 266.85507
Test:121	0.05183	0.08684	0.04496	0.05724
Train:121 364.44589 72.76657 291.67932
Test:122	0.05175	0.08677	0.04495	0.05725
Train:122 336.48773 70.77261 265.71521
Test:123	0.05188	0.08712	0.04505	0.05742
Train:123 334.95547 70.53559 264.41992
Test:124	0.05200	0.08707	0.04515	0.05745
Train:124 335.38443 71.80441 263.58002
Test:125	0.05163	0.08715	0.04491	0.05738
Train:125 728.74023 73.61954 655.12073
Test:126	0.05176	0.08726	0.04495	0.05742
Train:126 333.35938 69.46421 263.89517
Test:127	0.05193	0.08755	0.04510	0.05761
Train:127 463.14786 69.58933 393.55853
Test:128	0.05205	0.08749	0.04513	0.05759
Train:128 491.38577 71.86204 419.52386
Test:129	0.05223	0.08761	0.04522	0.05763
Train:129 334.67557 72.31461 262.36102
Test:130	0.05233	0.08760	0.04528	0.05764
Train:130 333.95770 71.45857 262.49908
Test:131	0.05235	0.08755	0.04536	0.05769
Train:131 591.89520 70.84653 521.04877
Test:132	0.05226	0.08738	0.04531	0.05763
Train:132 333.25699 71.28930 261.96777
Test:133	0.05231	0.08765	0.04538	0.05777
Train:133 332.13086 71.34634 260.78464
Test:134	0.05255	0.08761	0.04548	0.05777
Train:134 329.43860 69.56884 259.86978
Test:135	0.05243	0.08759	0.04549	0.05779
Train:135 459.36237 69.20948 390.15277
Test:136	0.05239	0.08767	0.04549	0.05785
Train:136 486.41479 70.81406 415.60080
Test:137	0.05248	0.08787	0.04553	0.05793
Train:137 461.49786 71.63490 389.86288
Test:138	0.05243	0.08792	0.04554	0.05798
Train:138 460.28574 70.75360 389.53220
Test:139	0.05247	0.08802	0.04554	0.05801
Train:139 588.59503 70.33257 518.26245
Test:140	0.05247	0.08786	0.04549	0.05791
Train:140 329.43558 69.82279 259.61285
Test:141	0.05235	0.08814	0.04548	0.05803
Train:141 330.53690 71.99642 258.54041
Test:142	0.05247	0.08804	0.04558	0.05807
Train:142 332.14053 73.44415 258.69644
Test:143	0.05262	0.08815	0.04574	0.05821
Train:143 457.27814 69.48402 387.79413
Test:144	0.05263	0.08819	0.04571	0.05819
Train:144 325.89468 68.59774 257.29712
Test:145	0.05258	0.08832	0.04569	0.05823
Train:145 324.25299 67.27739 256.97559
Test:146	0.05257	0.08855	0.04569	0.05832
Train:146 608.17310 65.76815 542.40479
Test:147	0.05272	0.08852	0.04578	0.05832
Train:147 324.61719 67.83475 256.78238
Test:148	0.05309	0.08854	0.04599	0.05840
Train:148 584.98309 69.34415 515.63892
Test:149	0.05297	0.08847	0.04597	0.05840
Train:149 454.85141 69.34613 385.50510
Test:150	0.05296	0.08858	0.04593	0.05843
Train:150 324.31281 68.24359 256.06934
Test:151	0.05294	0.08883	0.04593	0.05854
Train:151 318.91141 64.02501 254.88643
Test:152	0.05300	0.08871	0.04603	0.05857
Train:152 686.08173 66.76390 619.31763
Test:153	0.05301	0.08875	0.04607	0.05860
Train:153 322.56006 67.08753 255.47252
Test:154	0.05317	0.08881	0.04615	0.05865
Train:154 453.90482 69.20898 384.69568
Test:155	0.05329	0.08881	0.04621	0.05865
Train:155 529.53210 67.08730 462.44476
Test:156	0.05314	0.08901	0.04609	0.05866
Train:156 347.86981 67.46315 280.40671
Test:157	0.05308	0.08908	0.04609	0.05873
Train:157 346.95145 66.68903 280.26263
Test:158	0.05332	0.08897	0.04620	0.05871
Train:158 397.10623 65.13240 331.97385
Test:159	0.05335	0.08883	0.04627	0.05870
Train:159 316.88147 64.14016 252.74127
Test:160	0.05327	0.08892	0.04631	0.05881
Train:160 422.56183 65.89026 356.67160
Test:161	0.05359	0.08900	0.04647	0.05886
Train:161 344.00244 65.93253 278.06995
Test:162	0.05347	0.08916	0.04636	0.05887
Train:162 447.15259 64.94397 382.20868
Test:163	0.05342	0.08908	0.04641	0.05886
Train:163 450.07172 68.01028 382.06152
Test:164	0.05337	0.08918	0.04636	0.05890
Train:164 345.89215 68.10892 277.78326
Test:165	0.05357	0.08905	0.04646	0.05886
Train:165 318.25174 66.76148 251.49014
Test:166	0.05359	0.08919	0.04649	0.05893
Train:166 577.62604 66.42534 511.20071
Test:167	0.05379	0.08927	0.04660	0.05901
Train:167 446.74265 64.58473 382.15808
Test:168	0.05372	0.08914	0.04662	0.05902
Train:168 446.72516 64.87601 381.84915
Test:169	0.05381	0.08915	0.04665	0.05902
Train:169 422.35950 67.38912 354.97052
Test:170	0.05372	0.08920	0.04658	0.05900
Train:170 574.65784 62.62088 512.03693
Test:171	0.05351	0.08914	0.04653	0.05902
Train:171 446.57291 65.29366 381.27914
Test:172	0.05361	0.08926	0.04662	0.05915
Train:172 496.66388 63.38577 433.27805
Test:173	0.05375	0.08907	0.04669	0.05906
Train:173 445.44901 64.52386 380.92526
Test:174	0.05360	0.08900	0.04659	0.05901
Train:174 316.40149 65.72044 250.68114
Test:175	0.05371	0.08912	0.04664	0.05905
Train:175 313.27405 62.97152 250.30257
Test:176	0.05369	0.08914	0.04664	0.05904
Train:176 573.36761 63.83546 509.53217
Test:177	0.05346	0.08933	0.04661	0.05917
Train:177 314.64612 64.34084 250.30530
Test:178	0.05358	0.08951	0.04666	0.05922
Train:178 315.92432 66.50061 249.42371
Test:179	0.05352	0.08943	0.04657	0.05913
Train:179 313.73737 65.25518 248.48233
Test:180	0.05359	0.08945	0.04665	0.05919
Train:180 313.69641 65.43909 248.25720
Test:181	0.05360	0.08943	0.04664	0.05917
Train:181 570.75403 62.57424 508.17975
Test:182	0.05381	0.08981	0.04671	0.05930
Train:182 337.44989 62.87518 274.57465
Test:183	0.05368	0.08958	0.04675	0.05931
Train:183 309.14560 61.53957 247.60609
Test:184	0.05371	0.08947	0.04675	0.05925
Train:184 573.70160 64.85802 508.84360
Test:185	0.05367	0.08969	0.04672	0.05932
Train:185 312.12283 64.32677 247.79597
Test:186	0.05391	0.08975	0.04684	0.05937
Train:186 438.67819 61.47286 377.20541
Test:187	0.05383	0.08965	0.04679	0.05935
Train:187 442.65448 64.91824 377.73639
Test:188	0.05389	0.08970	0.04682	0.05936
Train:188 439.41022 61.85986 377.55020
Test:189	0.05390	0.08982	0.04682	0.05937
Train:189 437.30746 59.94223 377.36526
Test:190	0.05394	0.08982	0.04690	0.05942
Train:190 441.92679 64.40084 377.52591
Test:191	0.05398	0.08994	0.04685	0.05942
Train:191 309.49582 62.63262 246.86314
Test:192	0.05391	0.09011	0.04677	0.05943
Train:192 440.51285 63.66656 376.84613
Test:193	0.05408	0.09001	0.04689	0.05946
Train:193 307.17154 61.05241 246.11919
Test:194	0.05402	0.09006	0.04689	0.05953
Train:194 308.21698 62.65138 245.56564
Test:195	0.05406	0.09005	0.04691	0.05951
Train:195 309.25537 63.92867 245.32669
Test:196	0.05418	0.09000	0.04699	0.05953
Train:196 436.36957 60.82719 375.54248
Test:197	0.05418	0.09019	0.04698	0.05957
Train:197 307.91846 62.78218 245.13615
Test:198	0.05420	0.09009	0.04703	0.05957
Train:198 308.69055 64.11200 244.57863
Test:199	0.05412	0.09020	0.04698	0.05962
Train:199 304.28723 60.43514 243.85214
Test:200	0.05407	0.09020	0.04702	0.05969
Train:200 305.50403 61.71954 243.78450
Test:201	0.05416	0.09021	0.04704	0.05967
Train:201 437.71671 64.02128 373.69553
Test:202	0.05409	0.09014	0.04705	0.05968
Train:202 307.53284 63.63865 243.89409
Test:203	0.05430	0.09008	0.04717	0.05968
Train:203 409.83432 62.41871 347.41565
Test:204	0.05427	0.09006	0.04714	0.05968
Train:204 306.71744 63.30402 243.41335
Test:205	0.05434	0.09005	0.04717	0.05964
Train:205 410.85645 63.29789 347.55862
Test:206	0.05425	0.09024	0.04714	0.05968
Train:206 303.46265 60.27773 243.18501
Test:207	0.05415	0.09019	0.04711	0.05971
Train:207 305.48459 62.72213 242.76248
Test:208	0.05416	0.09028	0.04705	0.05967
Train:208 303.63303 61.74479 241.88831
Test:209	0.05418	0.09013	0.04712	0.05967
Train:209 303.16516 61.09988 242.06519
Test:210	0.05417	0.09026	0.04710	0.05970
Train:210 567.96118 64.43082 503.53024
Test:211	0.05443	0.09031	0.04727	0.05980
Train:211 464.11612 64.46217 399.65399
Test:212	0.05440	0.09018	0.04727	0.05973
Train:212 436.27957 62.59363 373.68604
Test:213	0.05420	0.09031	0.04715	0.05976
Train:213 329.84708 61.16092 268.68613
Test:214	0.05423	0.09028	0.04713	0.05973
Train:214 436.04517 62.93149 373.11374
Test:215	0.05422	0.09033	0.04715	0.05976
Train:215 305.03146 62.22162 242.80989
Test:216	0.05425	0.09050	0.04718	0.05985
Train:216 463.17374 63.90170 399.27209
Test:217	0.05438	0.09070	0.04727	0.05995
Train:217 304.13440 61.62956 242.50481
Test:218	0.05446	0.09046	0.04735	0.05989
Train:218 409.01639 62.85654 346.15994
Test:219	0.05432	0.09039	0.04734	0.05992
Train:219 302.09326 60.31945 241.77380
Test:220	0.05434	0.09023	0.04738	0.05990
Train:220 432.47363 60.75191 371.72165
Test:221	0.05440	0.09036	0.04745	0.06000
Train:221 305.17944 63.54078 241.63852
Test:222	0.05444	0.09042	0.04737	0.05993
Train:222 434.45309 61.91688 372.53613
Test:223	0.05442	0.09064	0.04740	0.06006
Train:223 405.81485 60.02661 345.78824
Test:224	0.05445	0.09071	0.04737	0.06006
Train:224 304.19452 62.62461 241.56990
Test:225	0.05454	0.09053	0.04741	0.06000
Train:225 563.30756 60.97570 502.33145
Test:226	0.05447	0.09063	0.04738	0.06004
Train:226 432.79318 60.79803 371.99518
Test:227	0.05451	0.09065	0.04741	0.06005
Train:227 301.17783 59.56503 241.61261
Test:228	0.05452	0.09092	0.04745	0.06019
Train:228 301.37924 60.50557 240.87376
Test:229	0.05452	0.09076	0.04748	0.06015
Train:229 537.90021 62.53005 475.37009
Test:230	0.05445	0.09076	0.04743	0.06014
Train:230 560.66650 59.03956 501.62680
Test:231	0.05447	0.09090	0.04741	0.06016
Train:231 300.52090 58.56480 241.95615
Test:232	0.05447	0.09090	0.04740	0.06016
Train:232 692.32147 59.61205 632.70953
Test:233	0.05430	0.09080	0.04731	0.06009
Train:233 304.59320 62.90085 241.69228
Test:234	0.05436	0.09095	0.04735	0.06016
Train:234 302.21036 60.71701 241.49347
Test:235	0.05460	0.09105	0.04745	0.06022
Train:235 302.25476 61.24699 241.00777
Test:236	0.05448	0.09090	0.04746	0.06020
Train:236 302.11288 61.13559 240.97725
Test:237	0.05449	0.09107	0.04744	0.06025
Train:237 432.12897 61.09551 371.03342
Test:238	0.05434	0.09130	0.04734	0.06027
Train:238 564.06879 63.01403 501.05478
Test:239	0.05449	0.09101	0.04737	0.06016
Train:239 431.65735 59.98940 371.66785
Test:240	0.05436	0.09096	0.04734	0.06016
Train:240 303.32956 62.70647 240.62317
Test:241	0.05440	0.09098	0.04741	0.06023
Train:241 301.10333 60.73312 240.37021
Test:242	0.05446	0.09101	0.04733	0.06015
Train:242 430.02176 59.00158 371.02008
Test:243	0.05444	0.09095	0.04744	0.06019
Train:243 455.93723 59.73869 396.19861
Test:244	0.05442	0.09122	0.04747	0.06035
Train:244 302.81445 62.49739 240.31700
Test:245	0.05443	0.09122	0.04746	0.06035
Train:245 300.22968 60.53248 239.69714
Test:246	0.05464	0.09117	0.04761	0.06037
Train:246 430.86102 60.86869 369.99234
Test:247	0.05440	0.09112	0.04743	0.06028
Train:247 298.26801 58.87912 239.38881
Test:248	0.05452	0.09107	0.04743	0.06023
Train:248 300.29874 61.31780 238.98094
Test:249	0.05446	0.09122	0.04747	0.06032
Train:249 298.99307 60.32606 238.66702
Test:250	0.05437	0.09123	0.04745	0.06033
Train:250 427.44281 58.62754 368.81525
Test:251	0.05436	0.09108	0.04746	0.06029
Train:251 427.47818 58.38982 369.08832
Test:252	0.05443	0.09114	0.04740	0.06023
Train:252 689.70142 59.59080 630.11060
Test:253	0.05451	0.09112	0.04749	0.06027
Train:253 298.13419 58.87016 239.26401
Test:254	0.05434	0.09108	0.04740	0.06024
Train:254 298.60266 59.48295 239.11984
Test:255	0.05444	0.09116	0.04741	0.06024
Train:255 428.63708 59.76736 368.86969
Test:256	0.05451	0.09112	0.04745	0.06025
Train:256 819.24939 58.29935 760.95001
Test:257	0.05448	0.09105	0.04744	0.06022
Train:257 298.47104 58.19796 240.27303
Test:258	0.05464	0.09103	0.04750	0.06021
Train:258 296.07095 56.99350 239.07747
Test:259	0.05474	0.09107	0.04753	0.06021
Train:259 325.66293 60.47323 265.18973
Test:260	0.05483	0.09130	0.04764	0.06039
Train:260 297.57117 59.19305 238.37808
Test:261	0.05467	0.09140	0.04757	0.06044
Train:261 300.64157 62.06795 238.57350
Test:262	0.05472	0.09156	0.04755	0.06042
Train:262 296.25769 58.71494 237.54272
Test:263	0.05481	0.09160	0.04760	0.06046
Train:263 400.46353 58.81920 341.64420
Test:264	0.05485	0.09155	0.04758	0.06038
Train:264 323.66544 59.68376 263.98154
Test:265	0.05480	0.09145	0.04757	0.06037
Train:265 297.03052 59.97524 237.05525
Test:266	0.05469	0.09151	0.04762	0.06046
Train:266 659.74359 56.50199 603.24170
Test:267	0.05472	0.09168	0.04761	0.06051
Train:267 296.17444 57.86473 238.30969
Test:268	0.05472	0.09148	0.04759	0.06041
Train:268 429.13489 61.21850 367.91650
Test:269	0.05458	0.09141	0.04758	0.06042
Train:269 294.37958 56.23730 238.14221
Test:270	0.05472	0.09132	0.04768	0.06045
Train:270 295.62210 58.85611 236.76617
Test:271	0.05468	0.09141	0.04762	0.06046
Train:271 295.40707 58.15879 237.24835
Test:272	0.05473	0.09134	0.04764	0.06044
Train:272 425.34213 58.46801 366.87408
Test:273	0.05472	0.09130	0.04764	0.06043
Train:273 295.93845 59.32504 236.61346
Test:274	0.05469	0.09134	0.04762	0.06043
Train:274 296.20578 59.33221 236.87364
Test:275	0.05465	0.09171	0.04757	0.06054
Train:275 295.15909 59.32296 235.83611
Test:276	0.05488	0.09157	0.04770	0.06055
Train:276 294.27753 57.84375 236.43378
Test:277	0.05478	0.09150	0.04768	0.06054
Train:277 293.26358 57.54974 235.71388
Test:278	0.05492	0.09141	0.04777	0.06051
Train:278 296.03021 60.73011 235.29999
Test:279	0.05484	0.09115	0.04768	0.06038
Train:279 296.77777 61.37784 235.39999
Test:280	0.05500	0.09140	0.04784	0.06057
Train:280 291.51532 57.00825 234.50719
Test:281	0.05493	0.09153	0.04785	0.06061
Train:281 292.00043 56.87086 235.12953
Test:282	0.05517	0.09172	0.04797	0.06073
Train:282 293.91202 59.42052 234.49142
Test:283	0.05515	0.09156	0.04793	0.06064
Train:283 293.93219 59.79668 234.13557
Test:284	0.05507	0.09153	0.04789	0.06063
Train:284 292.76910 58.07632 234.69272
Test:285	0.05508	0.09168	0.04787	0.06065
Train:285 292.40469 58.48093 233.92393
Test:286	0.05509	0.09163	0.04786	0.06061
Train:286 294.07294 59.75880 234.31415
Test:287	0.05496	0.09183	0.04784	0.06070
Train:287 295.49454 61.55799 233.93657
Test:288	0.05511	0.09207	0.04786	0.06077
Train:288 291.62543 57.88853 233.73685
Test:289	0.05504	0.09186	0.04788	0.06071
Train:289 291.04926 57.40001 233.64928
Test:290	0.05507	0.09180	0.04792	0.06073
Train:290 290.31995 57.25778 233.06215
Test:291	0.05514	0.09184	0.04794	0.06071
Train:291 421.82288 57.07633 364.74655
Test:292	0.05495	0.09182	0.04787	0.06070
Train:292 396.43405 57.93799 338.49606
Test:293	0.05507	0.09202	0.04794	0.06079
Train:293 553.51599 58.20263 495.31339
Test:294	0.05500	0.09197	0.04786	0.06073
Train:294 555.67523 58.57430 497.10089
Test:295	0.05483	0.09184	0.04776	0.06064
Train:295 555.41418 58.34554 497.06860
Test:296	0.05484	0.09179	0.04777	0.06065
Train:296 294.36417 57.84206 236.52203
Test:297	0.05492	0.09190	0.04787	0.06073
Train:297 292.63480 57.01284 235.62193
Test:298	0.05491	0.09188	0.04784	0.06071
Train:298 291.10141 56.34426 234.75706
Test:299	0.05492	0.09168	0.04784	0.06063
Train:299 451.26331 59.03677 392.22623
Test:300	0.05511	0.09168	0.04793	0.06066
Train:300 422.04242 56.76499 365.27747
Test:301	0.05513	0.09190	0.04793	0.06073
Train:301 290.71005 55.94217 234.76782
Test:302	0.05524	0.09202	0.04800	0.06081
Train:302 291.55249 56.89069 234.66183
Test:303	0.05531	0.09203	0.04805	0.06082
Train:303 424.79749 59.71473 365.08267
Test:304	0.05511	0.09177	0.04793	0.06073
Train:304 292.59137 58.25553 234.33583
Test:305	0.05529	0.09201	0.04800	0.06080
Train:305 292.16797 58.09881 234.06918
Test:306	0.05533	0.09198	0.04805	0.06085
Train:306 420.86130 56.16100 364.70029
Test:307	0.05544	0.09181	0.04814	0.06080
Train:307 528.61340 58.69917 469.91443
Test:308	0.05545	0.09189	0.04812	0.06083
Train:308 295.53061 60.96360 234.56700
Test:309	0.05539	0.09165	0.04813	0.06076
Train:309 318.61523 58.07307 260.54224
Test:310	0.05519	0.09175	0.04802	0.06076
Train:310 294.09875 59.93247 234.16608
Test:311	0.05519	0.09203	0.04804	0.06088
Train:311 447.68530 57.06369 390.62164
Test:312	0.05519	0.09204	0.04810	0.06095
Train:312 421.35410 56.51454 364.83929
Test:313	0.05523	0.09219	0.04816	0.06105
Train:313 425.61072 60.58401 365.02692
Test:314	0.05515	0.09223	0.04807	0.06100
Train:314 293.34332 58.72263 234.62073
Test:315	0.05537	0.09207	0.04822	0.06100
Train:315 293.35379 59.28386 234.06992
Test:316	0.05530	0.09200	0.04822	0.06099
Train:316 290.42374 56.39055 234.03317
Test:317	0.05530	0.09180	0.04825	0.06096
Train:317 290.48431 57.38003 233.10423
Test:318	0.05527	0.09171	0.04817	0.06088
Train:318 422.43729 58.47710 363.96002
Test:319	0.05522	0.09179	0.04815	0.06091
Train:319 319.48273 59.50407 259.97873
Test:320	0.05526	0.09183	0.04814	0.06091
Train:320 289.87125 56.74865 233.12274
Test:321	0.05538	0.09196	0.04819	0.06095
Train:321 291.14127 57.96537 233.17595
Test:322	0.05526	0.09204	0.04817	0.06100
Train:322 293.20807 60.41103 232.79707
Test:323	0.05528	0.09205	0.04813	0.06094
Train:323 551.95587 57.54089 494.41492
Test:324	0.05509	0.09213	0.04808	0.06100
Train:324 289.68262 56.38213 233.30043
Test:325	0.05530	0.09204	0.04820	0.06098
Train:325 291.82465 58.97213 232.85251
Test:326	0.05536	0.09197	0.04827	0.06101
Train:326 292.50211 59.78609 232.71608
Test:327	0.05533	0.09208	0.04824	0.06103
Train:327 291.99933 59.73398 232.26527
Test:328	0.05533	0.09212	0.04827	0.06108
Train:328 291.42880 59.31322 232.11565
Test:329	0.05548	0.09208	0.04838	0.06112
Train:329 420.82922 57.77538 363.05380
Test:330	0.05550	0.09214	0.04831	0.06105
Train:330 289.03320 56.81352 232.21970
Test:331	0.05539	0.09200	0.04823	0.06099
Train:331 290.96793 58.71724 232.25075
Test:332	0.05546	0.09207	0.04825	0.06100
Train:332 291.71585 59.77262 231.94327
Test:333	0.05558	0.09201	0.04839	0.06106
Train:333 288.42212 56.61804 231.80402
Test:334	0.05549	0.09217	0.04832	0.06111
Train:334 291.96091 60.06154 231.89928
Test:335	0.05544	0.09224	0.04832	0.06117
Train:335 418.42831 55.92316 362.50507
Test:336	0.05542	0.09222	0.04829	0.06113
Train:336 423.40085 60.03260 363.36819
Test:337	0.05533	0.09217	0.04827	0.06110
Train:337 291.34790 59.33744 232.01051
Test:338	0.05528	0.09231	0.04818	0.06112
Train:338 418.73376 56.01083 362.72305
Test:339	0.05528	0.09239	0.04827	0.06121
Train:339 366.52792 55.87109 310.65686
Test:340	0.05535	0.09229	0.04827	0.06114
Train:340 291.20816 59.09035 232.11790
Test:341	0.05545	0.09215	0.04827	0.06106
Train:341 421.15665 58.78043 362.37619
Test:342	0.05544	0.09209	0.04829	0.06104
Train:342 290.61813 58.61971 231.99841
Test:343	0.05540	0.09234	0.04827	0.06114
Train:343 289.40192 57.40377 231.99814
Test:344	0.05563	0.09226	0.04837	0.06113
Train:344 420.47021 57.63012 362.84012
Test:345	0.05548	0.09198	0.04824	0.06096
Train:345 314.91483 56.65319 258.26160
Test:346	0.05557	0.09213	0.04828	0.06102
Train:346 289.26379 57.36338 231.90034
Test:347	0.05563	0.09217	0.04831	0.06104
Train:347 394.00455 58.02144 335.98297
Test:348	0.05548	0.09222	0.04825	0.06104
Train:348 289.24915 57.35231 231.89676
Test:349	0.05539	0.09233	0.04818	0.06107
Train:349 420.13126 58.07918 362.05209
Test:350	0.05534	0.09201	0.04812	0.06091
Train:350 288.39734 56.14687 232.25040
Test:351	0.05541	0.09209	0.04822	0.06102
Train:351 420.74216 57.60814 363.13406
Test:352	0.05531	0.09217	0.04814	0.06101
Train:352 289.04907 57.36243 231.68661
Test:353	0.05538	0.09212	0.04811	0.06091
Train:353 286.68741 55.18739 231.50002
Test:354	0.05518	0.09208	0.04803	0.06090
Train:354 421.67566 59.14806 362.52762
Test:355	0.05546	0.09209	0.04819	0.06093
Train:355 423.83307 61.08521 362.74792
Test:356	0.05549	0.09204	0.04820	0.06090
Train:356 288.19144 56.17601 232.01558
Test:357	0.05541	0.09188	0.04815	0.06085
Train:357 550.13623 57.17574 492.96045
Test:358	0.05540	0.09212	0.04824	0.06100
Train:358 290.22122 58.10796 232.11337
Test:359	0.05538	0.09219	0.04818	0.06099
Train:359 289.45523 57.53981 231.91542
Test:360	0.05533	0.09192	0.04812	0.06088
Train:360 654.58997 56.41373 598.17621
Test:361	0.05533	0.09206	0.04815	0.06097
Train:361 290.13437 57.43512 232.69926
Test:362	0.05546	0.09201	0.04826	0.06099
Train:362 418.72043 55.99164 362.72870
Test:363	0.05558	0.09201	0.04834	0.06101
Train:363 420.25708 57.06704 363.18997
Test:364	0.05545	0.09199	0.04827	0.06101
Train:364 551.02161 57.16468 493.85681
Test:365	0.05556	0.09195	0.04837	0.06104
Train:365 289.54745 56.34591 233.20161
Test:366	0.05560	0.09217	0.04843	0.06117
Train:366 551.77612 56.82715 494.94904
Test:367	0.05574	0.09218	0.04841	0.06111
Train:367 525.47986 57.63096 467.84897
Test:368	0.05571	0.09217	0.04847	0.06118
Train:368 395.02667 57.04132 337.98535
Test:369	0.05574	0.09230	0.04843	0.06117
Train:369 550.18976 55.92825 494.26141
Test:370	0.05564	0.09235	0.04838	0.06117
Train:370 289.52515 55.60215 233.92294
Test:371	0.05568	0.09233	0.04846	0.06120
Train:371 419.98291 56.09151 363.89114
Test:372	0.05571	0.09246	0.04846	0.06125
Train:372 419.96585 56.14938 363.81659
Test:373	0.05568	0.09248	0.04850	0.06131
Train:373 420.95001 57.00716 363.94284
Test:374	0.05576	0.09234	0.04846	0.06117
Train:374 552.63239 57.86723 494.76520
Test:375	0.05565	0.09220	0.04839	0.06113
Train:375 421.85162 57.38996 364.46170
Test:376	0.05576	0.09242	0.04845	0.06122
Train:376 342.69431 57.04863 285.64566
Test:377	0.05576	0.09264	0.04844	0.06129
Train:377 368.70172 57.31873 311.38297
Test:378	0.05561	0.09246	0.04846	0.06129
Train:378 290.55292 57.21366 233.33919
Test:379	0.05555	0.09265	0.04843	0.06134
Train:379 421.02856 58.14588 362.88248
Test:380	0.05555	0.09260	0.04833	0.06123
Train:380 288.45709 55.72272 232.73434
Test:381	0.05557	0.09234	0.04834	0.06116
Train:381 394.14731 58.00347 336.14380
Test:382	0.05560	0.09281	0.04843	0.06138
Train:382 289.34070 57.62216 231.71840
Test:383	0.05569	0.09280	0.04852	0.06145
Train:383 418.10168 54.94464 363.15683
Test:384	0.05571	0.09280	0.04853	0.06144
Train:384 551.29211 58.46147 492.83081
Test:385	0.05568	0.09261	0.04849	0.06135
Train:385 418.74878 55.55025 363.19861
Test:386	0.05552	0.09257	0.04837	0.06130
Train:386 421.38351 58.11378 363.26978
Test:387	0.05568	0.09260	0.04841	0.06127
Train:387 393.94604 57.39037 336.55563
Test:388	0.05580	0.09257	0.04853	0.06134
Train:388 288.91147 56.28069 232.63081
Test:389	0.05580	0.09251	0.04855	0.06133
Train:389 418.03973 55.33947 362.70007
Test:390	0.05605	0.09240	0.04861	0.06123
Train:390 420.41199 55.86464 364.54745
Test:391	0.05581	0.09240	0.04853	0.06127
Train:391 287.38885 55.42749 231.96138
Test:392	0.05572	0.09223	0.04848	0.06119
Train:392 392.63110 57.18108 335.45004
Test:393	0.05575	0.09246	0.04855	0.06131
Train:393 287.78903 55.84436 231.94473
Test:394	0.05592	0.09245	0.04856	0.06126
Train:394 810.96448 57.17047 753.79382
Test:395	0.05587	0.09259	0.04854	0.06132
Train:395 497.81528 55.53666 442.27853
Test:396	0.05590	0.09258	0.04856	0.06131
Train:396 602.04681 54.54548 547.50122
Test:397	0.05590	0.09252	0.04854	0.06127
Train:397 291.37173 58.09351 233.27811
Test:398	0.05592	0.09250	0.04858	0.06131
Train:398 290.23776 57.20715 233.03062
Test:399	0.05585	0.09253	0.04856	0.06134
Train:399 444.40930 55.56927 388.83981
Test:400	0.05581	0.09261	0.04853	0.06135
Train:400 289.19769 56.28168 232.91603
Test:401	0.05581	0.09243	0.04855	0.06130
Train:401 288.26337 56.43342 231.82999
Test:402	0.05583	0.09265	0.04854	0.06136
Train:402 286.31851 55.02997 231.28844
Test:403	0.05571	0.09265	0.04849	0.06138
Train:403 289.75226 58.28389 231.46826
Test:404	0.05572	0.09290	0.04853	0.06150
Train:404 286.35339 55.20666 231.14665
Test:405	0.05591	0.09297	0.04864	0.06157
Train:405 418.99603 57.21371 361.78235
Test:406	0.05591	0.09277	0.04867	0.06153
Train:406 418.00235 56.48129 361.52103
Test:407	0.05605	0.09274	0.04878	0.06157
Train:407 417.87009 56.63167 361.23843
Test:408	0.05592	0.09283	0.04863	0.06154
Train:408 286.31949 55.09939 231.22012
Test:409	0.05590	0.09277	0.04864	0.06151
Train:409 286.23270 55.73682 230.49590
Test:410	0.05599	0.09258	0.04870	0.06146
Train:410 287.74988 56.99807 230.75191
Test:411	0.05607	0.09264	0.04872	0.06148
Train:411 415.87845 55.19421 360.68427
Test:412	0.05596	0.09270	0.04867	0.06150
Train:412 443.56387 56.15654 387.40738
Test:413	0.05599	0.09273	0.04868	0.06154
Train:413 286.57947 55.30590 231.27351
Test:414	0.05597	0.09299	0.04861	0.06155
Train:414 415.24182 54.21001 361.03177
Test:415	0.05582	0.09296	0.04854	0.06151
Train:415 418.80487 56.96322 361.84161
Test:416	0.05574	0.09287	0.04852	0.06147
Train:416 284.76010 54.01010 230.75011
Test:417	0.05590	0.09296	0.04858	0.06151
Train:417 285.41855 55.48131 229.93724
Test:418	0.05591	0.09286	0.04853	0.06144
Train:418 286.62527 56.45573 230.16962
Test:419	0.05590	0.09293	0.04856	0.06150
Train:419 285.28699 55.52624 229.76088
Test:420	0.05598	0.09300	0.04865	0.06157
Train:420 285.15598 55.31028 229.84567
Test:421	0.05605	0.09298	0.04873	0.06163
Train:421 415.92749 56.06069 359.86676
Test:422	0.05601	0.09301	0.04873	0.06166
Train:422 417.69888 57.10300 360.59589
Test:423	0.05591	0.09300	0.04874	0.06171
Train:423 285.59119 55.06543 230.52576
Test:424	0.05584	0.09306	0.04873	0.06173
Train:424 416.91592 56.43423 360.48184
Test:425	0.05608	0.09327	0.04884	0.06181
Train:425 284.64981 54.49302 230.15677
Test:426	0.05604	0.09337	0.04882	0.06184
Train:426 284.74899 54.98368 229.76535
Test:427	0.05615	0.09337	0.04887	0.06182
Train:427 545.76404 55.11574 490.64832
Test:428	0.05589	0.09344	0.04873	0.06179
Train:428 284.66541 54.20129 230.46404
Test:429	0.05582	0.09347	0.04875	0.06186
Train:429 414.48767 54.12529 360.36261
Test:430	0.05593	0.09335	0.04873	0.06175
Train:430 417.69843 56.80716 360.89124
Test:431	0.05577	0.09337	0.04865	0.06172
Train:431 417.51740 55.89795 361.61929
Test:432	0.05580	0.09331	0.04865	0.06173
Train:432 283.75888 53.88551 229.87331
Test:433	0.05581	0.09316	0.04859	0.06162
Train:433 417.32214 56.31503 361.00711
Test:434	0.05587	0.09321	0.04873	0.06174
Train:434 283.24664 53.00132 230.24535
Test:435	0.05584	0.09315	0.04871	0.06171
Train:435 414.21548 53.56244 360.65305
Test:436	0.05587	0.09315	0.04867	0.06165
Train:436 417.26917 56.01175 361.25742
Test:437	0.05574	0.09316	0.04866	0.06170
Train:437 286.72244 56.90748 229.81496
Test:438	0.05595	0.09324	0.04870	0.06168
Train:438 285.83780 55.94361 229.89421
Test:439	0.05597	0.09299	0.04874	0.06163
Train:439 387.18039 53.23609 333.94427
Test:440	0.05577	0.09303	0.04862	0.06162
Train:440 418.52756 57.98239 360.54510
Test:441	0.05573	0.09277	0.04853	0.06147
Train:441 416.74298 56.38948 360.35361
Test:442	0.05578	0.09292	0.04854	0.06149
Train:442 287.42590 57.73022 229.69563
Test:443	0.05575	0.09299	0.04857	0.06154
Train:443 548.66455 57.18933 491.47513
Test:444	0.05588	0.09303	0.04864	0.06160
Train:444 285.07745 54.82647 230.25099
Test:445	0.05581	0.09293	0.04860	0.06154
Train:445 493.30704 53.95796 439.34897
Test:446	0.05558	0.09297	0.04848	0.06153
Train:446 284.77975 54.67554 230.10417
Test:447	0.05582	0.09292	0.04862	0.06154
Train:447 282.61371 53.41362 229.20007
Test:448	0.05591	0.09308	0.04868	0.06163
Train:448 285.32687 55.89838 229.42841
Test:449	0.05590	0.09298	0.04864	0.06157
Train:449 547.35669 56.78435 490.57227
Test:450	0.05586	0.09299	0.04866	0.06161
Train:450 286.78995 56.47776 230.31209
Test:451	0.05579	0.09300	0.04855	0.06156
Train:451 282.80591 53.37983 229.42609
Test:452	0.05574	0.09295	0.04855	0.06158
Train:452 416.47131 56.37027 360.10104
Test:453	0.05564	0.09299	0.04848	0.06156
Train:453 282.75253 53.24510 229.50746
Test:454	0.05584	0.09292	0.04860	0.06156
Train:454 413.24408 53.20297 360.04111
Test:455	0.05577	0.09300	0.04855	0.06156
Train:455 286.01099 56.30630 229.70461
Test:456	0.05579	0.09276	0.04849	0.06140
Train:456 283.20087 54.09151 229.10942
Test:457	0.05567	0.09301	0.04856	0.06160
Train:457 413.13849 53.52337 359.61520
Test:458	0.05576	0.09299	0.04851	0.06152
Train:458 282.70837 53.93192 228.77644
Test:459	0.05585	0.09295	0.04854	0.06148
Train:459 283.79987 55.35968 228.44019
Test:460	0.05607	0.09309	0.04864	0.06157
Train:460 309.40894 54.66167 254.74722
Test:461	0.05613	0.09325	0.04869	0.06164
Train:461 282.78314 54.77729 228.00584
Test:462	0.05572	0.09306	0.04855	0.06160
Train:462 283.63849 55.63977 227.99878
Test:463	0.05564	0.09315	0.04849	0.06158
Train:463 281.72531 53.65243 228.07297
Test:464	0.05593	0.09317	0.04861	0.06160
Train:464 281.35800 53.42003 227.93791
Test:465	0.05600	0.09337	0.04868	0.06169
Train:465 283.87198 55.79757 228.07437
Test:466	0.05595	0.09312	0.04869	0.06164
Train:466 282.94949 55.35475 227.59470
Test:467	0.05608	0.09334	0.04880	0.06179
Train:467 286.61801 59.37532 227.24275
Test:468	0.05611	0.09329	0.04877	0.06171
Train:468 283.55939 55.70893 227.85051
Test:469	0.05609	0.09339	0.04879	0.06179
Train:469 282.26895 54.82660 227.44229
Test:470	0.05610	0.09340	0.04880	0.06179
Train:470 414.77670 55.52306 359.25369
Test:471	0.05606	0.09310	0.04881	0.06171
Train:471 281.72751 53.96352 227.76407
Test:472	0.05613	0.09315	0.04888	0.06179
Train:472 416.57574 57.14508 359.43076
Test:473	0.05621	0.09322	0.04887	0.06179
Train:473 520.16248 56.09440 464.06796
Test:474	0.05616	0.09327	0.04880	0.06175
Train:474 284.88239 55.84149 229.04088
Test:475	0.05618	0.09311	0.04876	0.06165
Train:475 676.10559 54.41481 621.69116
Test:476	0.05607	0.09292	0.04866	0.06152
Train:476 414.42844 54.14059 360.28778
Test:477	0.05608	0.09307	0.04870	0.06163
Train:477 415.15417 54.65274 360.50137
Test:478	0.05620	0.09314	0.04881	0.06170
Train:478 284.80896 55.00386 229.80516
Test:479	0.05618	0.09325	0.04879	0.06171
Train:479 412.99692 53.17662 359.82016
Test:480	0.05624	0.09308	0.04885	0.06167
Train:480 650.46600 55.27239 595.19348
Test:481	0.05605	0.09281	0.04877	0.06159
Train:481 285.56265 55.33438 230.22830
Test:482	0.05620	0.09308	0.04887	0.06172
Train:482 285.19022 55.36119 229.82895
Test:483	0.05622	0.09314	0.04887	0.06174
Train:483 285.30594 55.47520 229.83076
Test:484	0.05630	0.09332	0.04891	0.06178
Train:484 311.75470 56.13223 255.62236
Test:485	0.05629	0.09332	0.04894	0.06180
Train:485 280.59601 51.57778 229.01814
Test:486	0.05605	0.09320	0.04885	0.06176
Train:486 281.40973 53.36495 228.04463
Test:487	0.05625	0.09320	0.04895	0.06179
Train:487 281.98407 53.96907 228.01489
Test:488	0.05628	0.09301	0.04896	0.06174
Train:488 387.05225 54.48353 332.56860
Test:489	0.05628	0.09318	0.04894	0.06177
Train:489 310.34439 55.85820 254.48615
Test:490	0.05638	0.09299	0.04899	0.06171
Train:490 281.28455 53.09110 228.19339
Test:491	0.05626	0.09296	0.04888	0.06166
Train:491 284.76004 57.18119 227.57887
Test:492	0.05614	0.09325	0.04886	0.06178
Train:492 283.21027 55.48863 227.72162
Test:493	0.05620	0.09335	0.04894	0.06187
Train:493 387.74258 55.71041 332.03220
Test:494	0.05606	0.09321	0.04887	0.06181
Train:494 283.48697 55.53298 227.95393
Test:495	0.05591	0.09298	0.04878	0.06170
Train:495 283.92514 56.36663 227.55841
Test:496	0.05606	0.09326	0.04881	0.06177
Train:496 280.35382 53.14891 227.20485
Test:497	0.05612	0.09308	0.04886	0.06174
Train:497 412.69730 54.03664 358.66052
Test:498	0.05618	0.09308	0.04895	0.06179
Train:498 280.43448 53.01511 227.41933
Test:499	0.05600	0.09317	0.04891	0.06185
Train:499 412.86560 53.91803 358.94757
Test:500	0.05611	0.09322	0.04891	0.06181
Train:500 674.83978 53.37786 621.46185
Test:501	0.05602	0.09302	0.04888	0.06175
