log=amazon-cd
lr=0.002
weight_decay=0.005
momentum=0.95
epochs=500
batch_size=10000
seed=1234
log_freq=1
eval_freq=1
device=cuda:0
embedding_dim=50
network=resSumGCN
scale=0.1
max_norm=1.5
num_layers=4
margin=0.1
ssl_ratio=0.1
ssl_temp=0.05
ssl_reg=0.005
dataset=Amazon-CD
num_neg=1
test_ratio=0.2
norm_adj=True
Train:  1 1454.32104 568.73132 885.58972
Test:  2	0.03546	0.05754	0.02810	0.03533
Train:  2 995.74146 201.94479 793.79675
Test:  3	0.04727	0.07444	0.03645	0.04534
Train:  3 2110.62183 131.45729 1979.16431
Test:  4	0.05443	0.08502	0.04196	0.05195
Train:  4 1290.63464 101.20485 1189.42969
Test:  5	0.05927	0.09183	0.04589	0.05650
Train:  5 812.07867 84.48612 727.59241
Test:  6	0.06244	0.09661	0.04812	0.05927
Train:  6 994.74487 75.63471 919.11011
Test:  7	0.06524	0.10061	0.05040	0.06193
Train:  7 726.32391 69.42256 656.90137
Test:  8	0.06820	0.10421	0.05228	0.06402
Train:  8 690.82849 67.37082 623.45782
Test:  9	0.07034	0.10781	0.05388	0.06608
Train:  9 656.01294 64.14407 591.86890
Test: 10	0.07222	0.11039	0.05527	0.06764
Train: 10 626.11572 64.47739 561.63837
Test: 11	0.07410	0.11253	0.05666	0.06918
Train: 11 1470.51965 60.56520 1409.95435
Test: 12	0.07557	0.11514	0.05792	0.07082
Train: 12 789.05872 52.15513 736.90363
Test: 13	0.07684	0.11710	0.05919	0.07237
Train: 13 566.76807 51.12308 515.64508
Test: 14	0.07829	0.11866	0.06010	0.07327
Train: 14 541.36975 53.52023 487.84949
Test: 15	0.07978	0.12119	0.06110	0.07464
Train: 15 795.99414 52.43443 743.55969
Test: 16	0.08108	0.12304	0.06202	0.07572
Train: 16 561.89990 49.39959 512.50037
Test: 17	0.08246	0.12421	0.06283	0.07653
Train: 17 967.29633 50.12928 917.16718
Test: 18	0.08335	0.12607	0.06374	0.07773
Train: 18 464.44360 49.15314 415.29053
Test: 19	0.08456	0.12799	0.06457	0.07878
Train: 19 443.38809 46.44964 396.93848
Test: 20	0.08553	0.12930	0.06531	0.07962
Train: 20 421.61777 45.07164 376.54611
Test: 21	0.08588	0.12991	0.06575	0.08012
Train: 21 548.57947 44.83047 503.74896
Test: 22	0.08650	0.13017	0.06632	0.08064
Train: 22 685.64563 47.48526 638.16046
Test: 23	0.08720	0.13132	0.06694	0.08144
Train: 23 382.75952 47.15993 335.59958
Test: 24	0.08795	0.13208	0.06747	0.08196
Train: 24 1198.09631 43.34928 1154.74719
Test: 25	0.08893	0.13280	0.06827	0.08268
Train: 25 364.26218 41.63558 322.62662
Test: 26	0.08987	0.13320	0.06873	0.08293
Train: 26 350.97885 39.93396 311.04492
Test: 27	0.09027	0.13427	0.06898	0.08338
Train: 27 338.31500 41.38666 296.92834
Test: 28	0.09134	0.13502	0.06945	0.08373
Train: 28 324.71500 40.16837 284.54666
Test: 29	0.09118	0.13569	0.06956	0.08419
Train: 29 311.69885 38.47282 273.22604
Test: 30	0.09139	0.13635	0.06982	0.08457
Train: 30 302.97308 39.82071 263.15234
Test: 31	0.09209	0.13730	0.07044	0.08521
Train: 31 293.76874 39.19958 254.56914
Test: 32	0.09239	0.13764	0.07073	0.08554
Train: 32 605.46796 40.18725 565.28064
Test: 33	0.09260	0.13800	0.07084	0.08577
Train: 33 522.29694 39.23935 483.05756
Test: 34	0.09285	0.13878	0.07116	0.08625
Train: 34 277.61420 36.92114 240.69302
Test: 35	0.09329	0.13963	0.07148	0.08667
Train: 35 271.79626 37.31358 234.48267
Test: 36	0.09366	0.14002	0.07190	0.08706
Train: 36 266.71735 37.80165 228.91570
Test: 37	0.09378	0.14026	0.07191	0.08716
Train: 37 259.26599 35.81406 223.45187
Test: 38	0.09391	0.14077	0.07206	0.08741
Train: 38 416.66125 35.86400 380.79724
Test: 39	0.09408	0.14059	0.07222	0.08748
Train: 39 251.44492 35.88034 215.56456
Test: 40	0.09481	0.14111	0.07256	0.08771
Train: 40 408.19565 35.56671 372.62894
Test: 41	0.09527	0.14206	0.07293	0.08820
Train: 41 804.28021 33.99503 770.28503
Test: 42	0.09530	0.14212	0.07299	0.08826
Train: 42 244.98802 30.90014 214.08788
Test: 43	0.09551	0.14265	0.07334	0.08870
Train: 43 645.18829 31.08374 614.10449
Test: 44	0.09580	0.14327	0.07367	0.08907
Train: 44 240.75403 30.17014 210.58385
Test: 45	0.09605	0.14362	0.07373	0.08920
Train: 45 474.86011 28.98767 445.87238
Test: 46	0.09639	0.14379	0.07396	0.08937
Train: 46 711.81702 28.58054 683.23651
Test: 47	0.09678	0.14403	0.07426	0.08964
Train: 47 238.56116 29.52238 209.03876
Test: 48	0.09665	0.14404	0.07431	0.08974
Train: 48 720.31415 30.23829 690.07593
Test: 49	0.09704	0.14513	0.07458	0.09016
Train: 49 233.88734 27.69601 206.19135
Test: 50	0.09740	0.14557	0.07472	0.09041
Train: 50 555.05206 28.67286 526.37915
Test: 51	0.09735	0.14581	0.07468	0.09048
Train: 51 552.43079 29.48361 522.94720
Test: 52	0.09733	0.14586	0.07477	0.09058
Train: 52 229.00076 29.09552 199.90524
Test: 53	0.09764	0.14668	0.07480	0.09077
Train: 53 225.85268 29.20673 196.64595
Test: 54	0.09773	0.14716	0.07510	0.09115
Train: 54 220.69827 27.50873 193.18954
Test: 55	0.09823	0.14703	0.07535	0.09120
Train: 55 216.68954 27.14013 189.54942
Test: 56	0.09832	0.14723	0.07535	0.09126
Train: 56 699.76605 26.40818 673.35785
Test: 57	0.09833	0.14763	0.07554	0.09162
Train: 57 216.22223 27.92607 188.29614
Test: 58	0.09846	0.14791	0.07575	0.09186
Train: 58 215.01761 28.63289 186.38469
Test: 59	0.09873	0.14787	0.07590	0.09188
Train: 59 211.31654 27.03289 184.28368
Test: 60	0.09836	0.14786	0.07571	0.09180
Train: 60 290.45880 26.41929 264.03949
Test: 61	0.09820	0.14795	0.07575	0.09191
Train: 61 206.98746 26.72961 180.25783
Test: 62	0.09872	0.14823	0.07594	0.09206
Train: 62 1102.25317 26.97407 1075.27905
Test: 63	0.09906	0.14867	0.07618	0.09235
Train: 63 532.67896 26.57526 506.10358
Test: 64	0.09886	0.14836	0.07621	0.09236
Train: 64 212.94820 25.30140 187.64680
Test: 65	0.09913	0.14813	0.07631	0.09233
Train: 65 212.31100 26.97160 185.33943
Test: 66	0.09915	0.14807	0.07645	0.09242
Train: 66 208.21574 26.01134 182.20438
Test: 67	0.09928	0.14802	0.07649	0.09240
Train: 67 206.46071 26.91756 179.54315
Test: 68	0.09917	0.14782	0.07656	0.09242
Train: 68 203.37865 26.24211 177.13657
Test: 69	0.09924	0.14799	0.07648	0.09236
Train: 69 445.67194 25.21493 420.45700
Test: 70	0.09927	0.14821	0.07663	0.09255
Train: 70 199.90729 24.90114 175.00616
Test: 71	0.09929	0.14886	0.07672	0.09284
Train: 71 443.45901 25.12956 418.32944
Test: 72	0.09966	0.14861	0.07678	0.09275
Train: 72 688.47620 24.48615 663.99017
Test: 73	0.09972	0.14868	0.07686	0.09290
Train: 73 364.76801 24.18091 340.58713
Test: 74	0.09979	0.14895	0.07698	0.09302
Train: 74 202.25943 24.37850 177.88091
Test: 75	0.09979	0.14938	0.07701	0.09322
Train: 75 201.28815 25.67281 175.61534
Test: 76	0.09973	0.14951	0.07711	0.09334
Train: 76 198.63014 25.08531 173.54480
Test: 77	0.09937	0.14959	0.07697	0.09330
Train: 77 848.98889 24.15858 824.83032
Test: 78	0.09958	0.14960	0.07707	0.09337
Train: 78 1334.32751 22.29987 1312.02759
Test: 79	0.09985	0.14969	0.07726	0.09351
Train: 79 206.02426 20.50009 185.52411
Test: 80	0.09980	0.15006	0.07718	0.09359
Train: 80 928.47607 22.85086 905.62524
Test: 81	0.09991	0.15047	0.07728	0.09376
Train: 81 208.07343 21.61247 186.46098
Test: 82	0.10003	0.15050	0.07742	0.09385
Train: 82 445.70224 21.21014 424.49213
Test: 83	0.10035	0.15049	0.07762	0.09391
Train: 83 205.04268 22.31831 182.72438
Test: 84	0.10025	0.15098	0.07771	0.09418
Train: 84 201.77121 22.70724 179.06400
Test: 85	0.10011	0.15144	0.07758	0.09431
Train: 85 519.64948 21.95313 497.69644
Test: 86	0.10014	0.15128	0.07748	0.09420
Train: 86 198.28827 22.14859 176.13969
Test: 87	0.09990	0.15155	0.07751	0.09434
Train: 87 197.35562 23.58715 173.76843
Test: 88	0.09999	0.15149	0.07749	0.09424
Train: 88 194.32751 23.06623 171.26128
Test: 89	0.10004	0.15138	0.07762	0.09433
Train: 89 353.06415 22.02258 331.04156
Test: 90	0.10004	0.15116	0.07768	0.09432
Train: 90 514.47784 22.96681 491.51108
Test: 91	0.10001	0.15128	0.07773	0.09443
Train: 91 194.17273 23.12061 171.05215
Test: 92	0.10018	0.15108	0.07786	0.09443
Train: 92 598.17548 20.78098 577.39453
Test: 93	0.10068	0.15123	0.07801	0.09450
Train: 93 194.11746 22.40985 171.70764
Test: 94	0.10053	0.15123	0.07800	0.09458
Train: 94 353.21222 22.45178 330.76044
Test: 95	0.10074	0.15140	0.07804	0.09459
Train: 95 190.93304 21.98854 168.94450
Test: 96	0.10075	0.15132	0.07815	0.09463
Train: 96 189.47420 21.76465 167.70956
Test: 97	0.10092	0.15178	0.07835	0.09494
Train: 97 189.47319 23.54189 165.93129
Test: 98	0.10060	0.15173	0.07825	0.09494
Train: 98 185.58582 21.27249 164.31337
Test: 99	0.10073	0.15180	0.07819	0.09483
Train: 99 1000.74371 21.51253 979.23114
Test:100	0.10095	0.15196	0.07824	0.09483
Train:100 189.14177 21.56986 167.57190
Test:101	0.10155	0.15181	0.07847	0.09489
Train:101 272.95227 23.67981 249.27248
Test:102	0.10127	0.15220	0.07823	0.09486
Train:102 513.26025 23.10723 490.15317
Test:103	0.10167	0.15214	0.07850	0.09498
Train:103 190.14482 21.36714 168.77769
Test:104	0.10164	0.15221	0.07854	0.09503
Train:104 351.47800 22.24804 329.22992
Test:105	0.10153	0.15200	0.07848	0.09495
Train:105 188.59955 21.95054 166.64899
Test:106	0.10110	0.15228	0.07839	0.09509
Train:106 185.65771 20.57474 165.08302
Test:107	0.10112	0.15221	0.07843	0.09511
Train:107 184.89290 21.20683 163.68605
Test:108	0.10120	0.15209	0.07858	0.09518
Train:108 346.70340 23.12124 323.58215
Test:109	0.10074	0.15204	0.07838	0.09512
Train:109 186.92963 24.52237 162.40723
Test:110	0.10093	0.15229	0.07837	0.09512
Train:110 674.78491 23.50846 651.27643
Test:111	0.10097	0.15216	0.07846	0.09520
Train:111 185.61099 21.00586 164.60513
Test:112	0.10070	0.15192	0.07841	0.09509
Train:112 429.56668 20.07195 409.49469
Test:113	0.10084	0.15215	0.07844	0.09512
Train:113 509.29044 19.79740 489.49292
Test:114	0.10087	0.15215	0.07854	0.09522
Train:114 349.78674 22.08472 327.70203
Test:115	0.10120	0.15253	0.07877	0.09544
Train:115 512.44666 21.20497 491.24161
Test:116	0.10137	0.15260	0.07884	0.09551
Train:116 188.30243 20.54407 167.75842
Test:117	0.10139	0.15269	0.07885	0.09555
Train:117 186.26471 20.21230 166.05243
Test:118	0.10143	0.15254	0.07888	0.09552
Train:118 915.28137 20.24020 895.04114
Test:119	0.10121	0.15274	0.07889	0.09565
Train:119 430.47473 20.51028 409.96448
Test:120	0.10085	0.15286	0.07876	0.09570
Train:120 189.20801 20.05843 169.14957
Test:121	0.10143	0.15293	0.07889	0.09564
Train:121 596.64508 21.30021 575.34479
Test:122	0.10136	0.15237	0.07894	0.09555
Train:122 431.39905 20.82315 410.57593
Test:123	0.10078	0.15252	0.07872	0.09556
Train:123 833.67493 20.66594 813.00891
Test:124	0.10160	0.15255	0.07905	0.09563
Train:124 913.29309 20.34790 892.94513
Test:125	0.10179	0.15237	0.07915	0.09561
Train:125 198.24434 19.65274 178.59160
Test:126	0.10182	0.15277	0.07931	0.09592
Train:126 914.10364 19.32674 894.77710
Test:127	0.10170	0.15245	0.07923	0.09578
Train:127 197.87831 19.94007 177.93823
Test:128	0.10188	0.15284	0.07940	0.09597
Train:128 196.07108 20.62782 175.44325
Test:129	0.10176	0.15316	0.07934	0.09605
Train:129 513.03064 20.72212 492.30847
Test:130	0.10187	0.15271	0.07934	0.09588
Train:130 190.46799 19.98420 170.48383
Test:131	0.10186	0.15281	0.07932	0.09592
Train:131 1076.42554 20.80812 1055.61755
Test:132	0.10202	0.15270	0.07947	0.09597
Train:132 194.74466 20.91424 173.83038
Test:133	0.10218	0.15294	0.07946	0.09597
Train:133 431.48370 18.56976 412.91391
Test:134	0.10235	0.15280	0.07945	0.09589
Train:134 670.04614 20.42376 649.62225
Test:135	0.10214	0.15244	0.07958	0.09599
Train:135 672.63892 19.34973 653.28931
Test:136	0.10183	0.15267	0.07943	0.09599
Train:136 435.41245 19.27640 416.13596
Test:137	0.10184	0.15270	0.07944	0.09606
Train:137 194.68112 20.06182 174.61931
Test:138	0.10188	0.15278	0.07944	0.09603
Train:138 189.36249 18.85726 170.50525
Test:139	0.10239	0.15344	0.07964	0.09630
Train:139 186.55923 19.88752 166.67174
Test:140	0.10237	0.15328	0.07978	0.09639
Train:140 183.97403 20.06967 163.90437
Test:141	0.10233	0.15362	0.07976	0.09649
Train:141 182.62929 21.21339 161.41588
Test:142	0.10208	0.15358	0.07963	0.09642
Train:142 341.94733 19.33744 322.60989
Test:143	0.10274	0.15315	0.07983	0.09619
Train:143 179.79028 20.72416 159.06612
Test:144	0.10254	0.15341	0.07967	0.09620
Train:144 179.01857 21.06151 157.95706
Test:145	0.10274	0.15317	0.07970	0.09611
Train:145 178.41907 21.51235 156.90669
Test:146	0.10280	0.15310	0.07968	0.09601
Train:146 178.41074 21.95372 156.45699
Test:147	0.10296	0.15357	0.07971	0.09611
Train:147 996.45630 21.44266 975.01355
Test:148	0.10265	0.15357	0.07968	0.09617
Train:148 424.59412 20.50221 404.09195
Test:149	0.10285	0.15408	0.07992	0.09650
Train:149 184.90913 20.68578 164.22337
Test:150	0.10262	0.15376	0.07990	0.09648
Train:150 426.85236 20.63651 406.21591
Test:151	0.10272	0.15373	0.07994	0.09649
Train:151 184.04335 20.63921 163.40414
Test:152	0.10244	0.15341	0.07978	0.09638
Train:152 182.71806 21.35627 161.36183
Test:153	0.10239	0.15341	0.07968	0.09629
Train:153 181.53159 22.78359 158.74805
Test:154	0.10215	0.15366	0.07958	0.09634
Train:154 179.04684 21.62849 157.41833
Test:155	0.10250	0.15367	0.07969	0.09634
Train:155 421.94324 19.87142 402.07184
Test:156	0.10274	0.15418	0.08002	0.09674
Train:156 1079.93542 20.59069 1059.34436
Test:157	0.10280	0.15431	0.08007	0.09682
Train:157 185.18195 20.37127 164.81067
Test:158	0.10229	0.15408	0.07986	0.09670
Train:158 183.43451 19.57700 163.85750
Test:159	0.10237	0.15469	0.07992	0.09694
Train:159 181.14755 19.60718 161.54037
Test:160	0.10251	0.15456	0.08000	0.09692
Train:160 179.01489 19.61773 159.39716
Test:161	0.10255	0.15421	0.07993	0.09675
Train:161 178.90285 20.92005 157.98280
Test:162	0.10249	0.15454	0.07989	0.09686
Train:162 176.68871 20.58147 156.10719
Test:163	0.10285	0.15443	0.08005	0.09682
Train:163 172.54553 18.15622 154.38930
Test:164	0.10310	0.15465	0.08021	0.09690
Train:164 339.09326 21.42196 317.67136
Test:165	0.10299	0.15437	0.08003	0.09669
Train:165 830.56995 20.93535 809.63470
Test:166	0.10329	0.15460	0.08020	0.09679
Train:166 181.81458 21.87366 159.94092
Test:167	0.10313	0.15432	0.08010	0.09671
Train:167 178.27133 18.99529 159.27606
Test:168	0.10332	0.15443	0.08016	0.09672
Train:168 176.42146 19.20702 157.21442
Test:169	0.10309	0.15424	0.08011	0.09674
Train:169 176.85548 20.75900 156.09650
Test:170	0.10299	0.15415	0.08018	0.09679
Train:170 174.69070 19.54216 155.14859
Test:171	0.10314	0.15442	0.08006	0.09671
Train:171 582.46167 19.34158 563.12000
Test:172	0.10313	0.15461	0.08024	0.09696
Train:172 176.27338 19.92304 156.35033
Test:173	0.10287	0.15465	0.08018	0.09705
Train:173 175.44733 19.98830 155.45903
Test:174	0.10302	0.15469	0.08023	0.09704
Train:174 174.61208 20.52276 154.08932
Test:175	0.10306	0.15502	0.08022	0.09710
Train:175 174.66515 21.02590 153.63927
Test:176	0.10344	0.15475	0.08053	0.09715
Train:176 172.82533 19.91996 152.90536
Test:177	0.10368	0.15441	0.08060	0.09704
Train:177 1238.33191 20.11155 1218.22046
Test:178	0.10369	0.15466	0.08062	0.09716
Train:178 422.74927 19.12767 403.62158
Test:179	0.10362	0.15429	0.08059	0.09707
Train:179 423.96893 18.01171 405.95721
Test:180	0.10364	0.15451	0.08062	0.09713
Train:180 183.69368 19.05589 164.63777
Test:181	0.10359	0.15426	0.08060	0.09708
Train:181 341.77313 18.72387 323.04929
Test:182	0.10353	0.15457	0.08057	0.09715
Train:182 826.65240 18.88710 807.76532
Test:183	0.10358	0.15435	0.08080	0.09732
Train:183 827.17584 19.23096 807.94495
Test:184	0.10348	0.15437	0.08094	0.09748
Train:184 428.66992 18.16890 410.50101
Test:185	0.10321	0.15456	0.08088	0.09757
Train:185 349.84067 17.30500 332.53561
Test:186	0.10322	0.15448	0.08088	0.09755
Train:186 187.40265 18.27892 169.12367
Test:187	0.10355	0.15479	0.08095	0.09759
Train:187 424.05606 19.00809 405.04794
Test:188	0.10345	0.15492	0.08092	0.09767
Train:188 426.44394 20.07826 406.36557
Test:189	0.10349	0.15493	0.08092	0.09764
Train:189 988.61267 19.21088 969.40210
Test:190	0.10373	0.15464	0.08105	0.09756
Train:190 188.31902 18.15208 170.16695
Test:191	0.10366	0.15482	0.08111	0.09772
Train:191 346.64880 18.97965 327.66913
Test:192	0.10384	0.15494	0.08110	0.09769
Train:192 184.48056 18.95910 165.52144
Test:193	0.10407	0.15488	0.08120	0.09765
Train:193 989.55359 18.19526 971.35840
Test:194	0.10373	0.15486	0.08106	0.09758
Train:194 186.02318 18.77473 167.24846
Test:195	0.10371	0.15486	0.08105	0.09758
Train:195 184.47687 18.65057 165.82634
Test:196	0.10345	0.15497	0.08107	0.09774
Train:196 180.05495 17.61458 162.44038
Test:197	0.10346	0.15500	0.08108	0.09776
Train:197 420.03210 18.18921 401.84293
Test:198	0.10344	0.15475	0.08099	0.09759
Train:198 179.59804 19.19138 160.40665
Test:199	0.10329	0.15477	0.08099	0.09762
Train:199 905.07458 19.65644 885.41821
Test:200	0.10302	0.15508	0.08085	0.09770
Train:200 424.11380 18.92624 405.18759
Test:201	0.10314	0.15543	0.08087	0.09777
Train:201 182.71381 18.13497 164.57890
Test:202	0.10327	0.15493	0.08090	0.09761
Train:202 180.44476 18.65931 161.78546
Test:203	0.10322	0.15476	0.08087	0.09756
Train:203 984.72229 19.30278 965.41943
Test:204	0.10305	0.15492	0.08085	0.09768
Train:204 183.67969 19.51104 164.16866
Test:205	0.10349	0.15504	0.08107	0.09782
Train:205 183.73422 19.87281 163.86143
Test:206	0.10324	0.15489	0.08096	0.09777
Train:206 341.20737 19.45978 321.74753
Test:207	0.10307	0.15498	0.08092	0.09783
Train:207 179.48315 19.49237 159.99081
Test:208	0.10318	0.15503	0.08093	0.09785
Train:208 177.34808 19.23360 158.11446
Test:209	0.10299	0.15523	0.08094	0.09795
Train:209 175.65465 19.72725 155.92740
Test:210	0.10346	0.15545	0.08104	0.09795
Train:210 982.49005 19.00351 963.48645
Test:211	0.10301	0.15516	0.08093	0.09792
Train:211 180.85681 20.32340 160.53345
Test:212	0.10287	0.15516	0.08089	0.09791
Train:212 181.67104 20.38818 161.28288
Test:213	0.10311	0.15513	0.08084	0.09775
Train:213 178.14658 19.31125 158.83533
Test:214	0.10319	0.15540	0.08078	0.09774
Train:214 503.18109 20.03454 483.14655
Test:215	0.10344	0.15552	0.08081	0.09768
Train:215 178.13524 20.12980 158.00546
Test:216	0.10362	0.15553	0.08078	0.09759
Train:216 175.89595 19.77629 156.11964
Test:217	0.10360	0.15532	0.08076	0.09758
Train:217 174.20839 19.66550 154.54288
Test:218	0.10328	0.15525	0.08069	0.09756
Train:218 1068.12292 18.55953 1049.56323
Test:219	0.10329	0.15530	0.08090	0.09774
Train:219 584.53741 19.85132 564.68610
Test:220	0.10344	0.15477	0.08098	0.09766
Train:220 422.46622 18.13889 404.32733
Test:221	0.10310	0.15513	0.08085	0.09778
Train:221 182.96298 18.82966 164.13330
Test:222	0.10326	0.15566	0.08091	0.09791
Train:222 181.42737 19.53805 161.88931
Test:223	0.10372	0.15541	0.08101	0.09775
Train:223 178.35580 18.75769 159.59813
Test:224	0.10347	0.15556	0.08097	0.09783
Train:224 744.70209 19.44927 725.25275
Test:225	0.10332	0.15543	0.08094	0.09782
Train:225 179.62199 19.72568 159.89630
Test:226	0.10330	0.15526	0.08105	0.09787
Train:226 825.49561 19.55172 805.94397
Test:227	0.10340	0.15506	0.08119	0.09793
Train:227 181.50305 18.37190 163.13116
Test:228	0.10390	0.15513	0.08129	0.09792
Train:228 180.09628 18.90557 161.19075
Test:229	0.10353	0.15483	0.08114	0.09779
Train:229 421.90637 20.00346 401.90295
Test:230	0.10397	0.15435	0.08138	0.09770
Train:230 823.05096 19.74791 803.30328
Test:231	0.10421	0.15472	0.08144	0.09779
Train:231 744.29987 18.51167 725.78815
Test:232	0.10428	0.15439	0.08145	0.09772
Train:232 347.34982 19.29632 328.05350
Test:233	0.10414	0.15439	0.08139	0.09772
Train:233 184.67091 18.00137 166.66956
Test:234	0.10423	0.15463	0.08150	0.09784
Train:234 1063.96143 18.17955 1045.78162
Test:235	0.10419	0.15482	0.08160	0.09802
Train:235 742.02551 17.55027 724.47516
Test:236	0.10419	0.15509	0.08169	0.09811
Train:236 192.30826 19.00060 173.30768
Test:237	0.10414	0.15475	0.08156	0.09799
Train:237 349.14517 19.14427 330.00089
Test:238	0.10403	0.15496	0.08157	0.09809
Train:238 186.98616 18.95970 168.02646
Test:239	0.10449	0.15520	0.08172	0.09813
Train:239 182.73917 18.37622 164.36293
Test:240	0.10473	0.15518	0.08172	0.09806
Train:240 177.69717 17.71485 159.98235
Test:241	0.10471	0.15579	0.08159	0.09813
Train:241 579.03247 19.15156 559.88080
Test:242	0.10456	0.15563	0.08155	0.09810
Train:242 501.86380 18.39335 483.47040
Test:243	0.10491	0.15497	0.08174	0.09798
Train:243 179.01236 17.53799 161.47435
Test:244	0.10473	0.15514	0.08156	0.09793
Train:244 178.54347 18.74660 159.79689
Test:245	0.10467	0.15488	0.08154	0.09789
Train:245 416.30948 19.09940 397.21005
Test:246	0.10473	0.15488	0.08148	0.09779
Train:246 336.28232 18.38055 317.90179
Test:247	0.10452	0.15526	0.08138	0.09788
Train:247 419.47778 18.38106 401.09671
Test:248	0.10430	0.15497	0.08133	0.09780
Train:248 337.65573 18.87434 318.78143
Test:249	0.10436	0.15481	0.08150	0.09790
Train:249 177.08469 18.58700 158.49771
Test:250	0.10432	0.15497	0.08148	0.09794
Train:250 176.31349 19.85164 156.46184
Test:251	0.10426	0.15525	0.08154	0.09809
Train:251 254.11250 18.62006 235.49242
Test:252	0.10407	0.15504	0.08143	0.09797
Train:252 172.46533 18.59005 153.87529
Test:253	0.10419	0.15500	0.08139	0.09788
Train:253 416.48386 19.47843 397.00540
Test:254	0.10431	0.15520	0.08140	0.09789
Train:254 171.46649 18.27622 153.19026
Test:255	0.10435	0.15472	0.08133	0.09764
Train:255 171.53265 19.31820 152.21446
Test:256	0.10434	0.15501	0.08129	0.09768
Train:256 822.89172 19.62475 803.26697
Test:257	0.10433	0.15493	0.08133	0.09769
Train:257 575.68066 18.86122 556.81940
Test:258	0.10463	0.15501	0.08155	0.09788
Train:258 417.80341 18.17808 399.62537
Test:259	0.10439	0.15517	0.08148	0.09794
Train:259 337.89899 17.73627 320.16269
Test:260	0.10458	0.15542	0.08145	0.09795
Train:260 904.88037 17.74202 887.13831
Test:261	0.10464	0.15525	0.08158	0.09804
Train:261 184.60510 17.44048 167.16461
Test:262	0.10466	0.15531	0.08162	0.09807
Train:262 824.79633 17.29296 807.50330
Test:263	0.10456	0.15552	0.08158	0.09810
Train:263 185.12567 17.23230 167.89337
Test:264	0.10484	0.15538	0.08167	0.09807
Train:264 341.51465 17.86900 323.64554
Test:265	0.10459	0.15512	0.08150	0.09791
Train:265 181.09508 18.29014 162.80499
Test:266	0.10437	0.15510	0.08150	0.09798
Train:266 176.89395 17.13455 159.75943
Test:267	0.10429	0.15517	0.08149	0.09805
Train:267 174.33437 17.45701 156.87735
Test:268	0.10454	0.15516	0.08171	0.09820
Train:268 174.40689 19.68676 154.72015
Test:269	0.10433	0.15536	0.08159	0.09822
Train:269 171.29092 19.01037 152.28055
Test:270	0.10455	0.15545	0.08160	0.09815
Train:270 251.35585 19.61314 231.74271
Test:271	0.10452	0.15590	0.08173	0.09840
Train:271 414.89490 19.04348 395.85141
Test:272	0.10412	0.15569	0.08163	0.09835
Train:272 172.96092 20.37096 152.58995
Test:273	0.10424	0.15527	0.08168	0.09822
Train:273 171.89377 19.72289 152.17085
Test:274	0.10444	0.15526	0.08182	0.09829
Train:274 169.51427 19.41199 150.10228
Test:275	0.10452	0.15529	0.08174	0.09818
Train:275 250.75630 19.35757 231.39880
Test:276	0.10456	0.15520	0.08169	0.09813
Train:276 168.45247 19.06121 149.39125
Test:277	0.10478	0.15547	0.08185	0.09830
Train:277 170.12491 20.33924 149.78566
Test:278	0.10512	0.15572	0.08194	0.09836
Train:278 169.46008 20.69534 148.76476
Test:279	0.10480	0.15559	0.08168	0.09821
Train:279 167.68144 19.81761 147.86383
Test:280	0.10434	0.15559	0.08155	0.09823
Train:280 166.55484 19.16130 147.39357
Test:281	0.10464	0.15568	0.08163	0.09825
Train:281 414.41458 18.87723 395.53732
Test:282	0.10467	0.15572	0.08174	0.09832
Train:282 573.21851 19.11262 554.10596
Test:283	0.10473	0.15567	0.08179	0.09834
Train:283 740.51001 17.01008 723.49982
Test:284	0.10478	0.15580	0.08191	0.09847
Train:284 173.83167 17.24763 156.58405
Test:285	0.10486	0.15561	0.08204	0.09848
Train:285 336.99405 17.60341 319.39072
Test:286	0.10470	0.15527	0.08206	0.09845
Train:286 821.95612 16.98392 804.97217
Test:287	0.10458	0.15558	0.08205	0.09861
Train:287 501.05533 16.96472 484.09064
Test:288	0.10464	0.15530	0.08210	0.09848
Train:288 180.54375 17.98840 162.55533
Test:289	0.10441	0.15531	0.08208	0.09851
Train:289 662.92578 18.56291 644.36279
Test:290	0.10439	0.15551	0.08214	0.09865
Train:290 662.16644 17.84167 644.32483
Test:291	0.10492	0.15553	0.08252	0.09885
Train:291 262.84985 17.85951 244.99033
Test:292	0.10490	0.15525	0.08233	0.09858
Train:292 342.07428 17.63722 324.43701
Test:293	0.10500	0.15526	0.08225	0.09852
Train:293 418.57394 17.81369 400.76028
Test:294	0.10541	0.15567	0.08249	0.09875
Train:294 180.48625 19.00168 161.48456
Test:295	0.10549	0.15557	0.08247	0.09863
Train:295 177.73720 18.79829 158.93890
Test:296	0.10536	0.15534	0.08254	0.09868
Train:296 743.37732 19.44260 723.93463
Test:297	0.10500	0.15568	0.08248	0.09887
Train:297 178.64560 19.09701 159.54858
Test:298	0.10487	0.15583	0.08242	0.09882
Train:298 176.04501 18.43862 157.60640
Test:299	0.10488	0.15565	0.08241	0.09884
Train:299 172.97395 17.74977 155.22418
Test:300	0.10516	0.15538	0.08250	0.09876
Train:300 171.17238 17.75630 153.41612
Test:301	0.10553	0.15524	0.08256	0.09863
Train:301 904.99988 17.44207 887.55780
Test:302	0.10522	0.15576	0.08242	0.09875
Train:302 498.50009 17.67350 480.82654
Test:303	0.10485	0.15568	0.08234	0.09883
Train:303 1300.50830 16.50569 1284.00269
Test:304	0.10477	0.15551	0.08214	0.09858
Train:304 185.02014 16.65187 168.36826
Test:305	0.10466	0.15580	0.08205	0.09864
Train:305 184.22798 17.20944 167.01855
Test:306	0.10507	0.15556	0.08219	0.09856
Train:306 179.74155 17.03439 162.70718
Test:307	0.10528	0.15549	0.08215	0.09842
Train:307 178.41223 18.97300 159.43919
Test:308	0.10499	0.15595	0.08202	0.09856
Train:308 174.05544 18.34681 155.70863
Test:309	0.10491	0.15506	0.08202	0.09835
Train:309 172.94913 19.27208 153.67702
Test:310	0.10508	0.15541	0.08211	0.09847
Train:310 170.91925 18.67833 152.24097
Test:311	0.10534	0.15573	0.08217	0.09848
Train:311 169.84302 18.85538 150.98759
Test:312	0.10550	0.15621	0.08217	0.09856
Train:312 169.50470 19.72558 149.77908
Test:313	0.10538	0.15581	0.08209	0.09845
Train:313 411.38794 18.99016 392.39780
Test:314	0.10518	0.15569	0.08207	0.09848
Train:314 739.90656 19.15092 720.75574
Test:315	0.10529	0.15560	0.08228	0.09866
Train:315 499.42236 17.57478 481.84760
Test:316	0.10551	0.15575	0.08242	0.09883
Train:316 497.01205 17.87310 479.13904
Test:317	0.10563	0.15594	0.08239	0.09879
Train:317 418.78778 17.32897 401.45880
Test:318	0.10560	0.15677	0.08239	0.09907
Train:318 178.79388 18.90635 159.88748
Test:319	0.10571	0.15687	0.08250	0.09917
Train:319 176.01505 18.29982 157.71524
Test:320	0.10529	0.15703	0.08234	0.09916
Train:320 743.17822 18.55107 724.62720
Test:321	0.10544	0.15660	0.08237	0.09905
Train:321 500.66571 18.39359 482.27216
Test:322	0.10563	0.15654	0.08261	0.09917
Train:322 178.71240 18.19491 160.51752
Test:323	0.10558	0.15680	0.08279	0.09941
Train:323 175.38747 17.01199 158.37550
Test:324	0.10530	0.15640	0.08267	0.09925
Train:324 173.03954 17.45665 155.58293
Test:325	0.10498	0.15668	0.08238	0.09915
Train:325 170.77623 17.21531 153.56093
Test:326	0.10497	0.15662	0.08237	0.09911
Train:326 734.61554 18.39499 716.22058
Test:327	0.10488	0.15638	0.08231	0.09909
Train:327 417.60425 19.63093 397.97327
Test:328	0.10496	0.15639	0.08241	0.09913
Train:328 898.43970 17.74359 880.69617
Test:329	0.10506	0.15650	0.08252	0.09921
Train:329 584.60791 18.51114 566.09680
Test:330	0.10498	0.15619	0.08253	0.09918
Train:330 184.70210 18.28167 166.42046
Test:331	0.10517	0.15641	0.08255	0.09920
Train:331 339.27493 16.27451 323.00046
Test:332	0.10542	0.15665	0.08264	0.09932
Train:332 178.11821 16.73819 161.38000
Test:333	0.10598	0.15661	0.08276	0.09923
Train:333 335.17563 16.67535 318.50027
Test:334	0.10559	0.15628	0.08251	0.09901
Train:334 177.13170 19.39073 157.74094
Test:335	0.10582	0.15659	0.08268	0.09916
Train:335 174.42868 18.90911 155.51959
Test:336	0.10582	0.15668	0.08262	0.09911
Train:336 653.19513 18.78778 634.40723
Test:337	0.10602	0.15714	0.08270	0.09925
Train:337 175.30954 18.65416 156.65540
Test:338	0.10547	0.15657	0.08258	0.09915
Train:338 174.05449 18.62519 155.42931
Test:339	0.10510	0.15619	0.08252	0.09911
Train:339 171.91142 18.14017 153.77127
Test:340	0.10505	0.15615	0.08247	0.09903
Train:340 1068.00049 17.94602 1050.05469
Test:341	0.10530	0.15671	0.08256	0.09920
Train:341 337.91223 17.45296 320.45923
Test:342	0.10544	0.15719	0.08262	0.09935
Train:342 176.21446 17.45119 158.76329
Test:343	0.10556	0.15702	0.08276	0.09935
Train:343 175.18132 18.20018 156.98117
Test:344	0.10528	0.15666	0.08276	0.09933
Train:344 173.20255 18.89923 154.30331
Test:345	0.10557	0.15611	0.08293	0.09924
Train:345 820.41077 17.58532 802.82544
Test:346	0.10511	0.15672	0.08279	0.09950
Train:346 173.52046 17.14904 156.37143
Test:347	0.10528	0.15624	0.08277	0.09931
Train:347 175.15440 19.30674 155.84766
Test:348	0.10578	0.15637	0.08283	0.09924
Train:348 171.27768 17.75725 153.52042
Test:349	0.10544	0.15662	0.08267	0.09922
Train:349 170.96297 18.85120 152.11174
Test:350	0.10547	0.15624	0.08256	0.09903
Train:350 170.41302 19.44941 150.96361
Test:351	0.10528	0.15599	0.08248	0.09894
Train:351 410.71768 18.56631 392.15143
Test:352	0.10529	0.15608	0.08255	0.09900
Train:352 169.42427 19.26674 150.15752
Test:353	0.10517	0.15601	0.08254	0.09900
Train:353 577.85583 18.74153 559.11426
Test:354	0.10528	0.15613	0.08239	0.09887
Train:354 417.37943 19.13174 398.24762
Test:355	0.10539	0.15602	0.08240	0.09882
Train:355 173.47977 18.78196 154.69783
Test:356	0.10488	0.15626	0.08236	0.09901
Train:356 1143.62817 18.25462 1125.37354
Test:357	0.10501	0.15646	0.08251	0.09918
Train:357 498.48895 17.60058 480.88831
Test:358	0.10491	0.15671	0.08255	0.09934
Train:358 180.45662 16.74640 163.71027
Test:359	0.10477	0.15649	0.08249	0.09924
Train:359 579.70447 16.66928 563.03522
Test:360	0.10504	0.15639	0.08244	0.09911
Train:360 661.72229 16.83267 644.88965
Test:361	0.10507	0.15602	0.08233	0.09894
Train:361 974.63660 15.89320 958.74329
Test:362	0.10472	0.15536	0.08257	0.09904
Train:362 188.38496 17.02138 171.36363
Test:363	0.10493	0.15596	0.08264	0.09920
Train:363 345.74823 17.22195 328.52631
Test:364	0.10514	0.15573	0.08271	0.09913
Train:364 343.34302 17.57587 325.76712
Test:365	0.10509	0.15621	0.08286	0.09937
Train:365 179.48488 16.27140 163.21346
Test:366	0.10508	0.15612	0.08268	0.09921
Train:366 573.21814 17.05207 556.16614
Test:367	0.10514	0.15619	0.08257	0.09910
Train:367 577.39862 18.12408 559.27466
Test:368	0.10491	0.15586	0.08241	0.09898
Train:368 339.52271 18.20399 321.31873
Test:369	0.10486	0.15547	0.08249	0.09894
Train:369 181.68912 17.68828 164.00084
Test:370	0.10506	0.15597	0.08253	0.09908
Train:370 177.28310 16.91192 160.37119
Test:371	0.10534	0.15649	0.08267	0.09928
Train:371 741.62720 18.91685 722.71045
Test:372	0.10552	0.15607	0.08279	0.09917
Train:372 179.00986 19.51006 159.49979
Test:373	0.10549	0.15575	0.08271	0.09903
Train:373 174.98424 17.36995 157.61430
Test:374	0.10578	0.15566	0.08267	0.09886
Train:374 660.43237 17.45494 642.97742
Test:375	0.10560	0.15624	0.08277	0.09920
Train:375 809.48352 17.35635 792.12720
Test:376	0.10568	0.15634	0.08295	0.09938
Train:376 979.85901 16.77653 963.08264
Test:377	0.10543	0.15618	0.08278	0.09924
Train:377 188.21474 17.92620 170.28857
Test:378	0.10555	0.15643	0.08280	0.09928
Train:378 825.79303 16.22288 809.57019
Test:379	0.10546	0.15656	0.08285	0.09940
Train:379 186.82509 17.00567 169.81940
Test:380	0.10598	0.15670	0.08300	0.09943
Train:380 420.26205 17.18050 403.08160
Test:381	0.10559	0.15693	0.08293	0.09955
Train:381 338.71432 17.06430 321.65005
Test:382	0.10549	0.15673	0.08281	0.09943
Train:382 180.31194 17.31922 162.99272
Test:383	0.10592	0.15705	0.08288	0.09947
Train:383 1146.66467 17.57715 1129.08728
Test:384	0.10627	0.15695	0.08300	0.09942
Train:384 822.20892 16.89034 805.31854
Test:385	0.10623	0.15681	0.08311	0.09948
Train:385 187.17108 16.74364 170.42746
Test:386	0.10662	0.15676	0.08328	0.09949
Train:386 976.95013 15.72518 961.22516
Test:387	0.10630	0.15723	0.08323	0.09972
Train:387 982.22577 17.11411 965.11182
Test:388	0.10663	0.15686	0.08344	0.09970
Train:388 194.93494 16.48026 178.45468
Test:389	0.10695	0.15695	0.08346	0.09966
Train:389 424.99530 16.57416 408.42117
Test:390	0.10691	0.15737	0.08338	0.09974
Train:390 422.24106 16.88291 405.35815
Test:391	0.10706	0.15738	0.08353	0.09986
Train:391 821.20093 16.60056 804.60028
Test:392	0.10671	0.15728	0.08337	0.09975
Train:392 422.24310 16.82619 405.41687
Test:393	0.10664	0.15713	0.08340	0.09976
Train:393 422.55475 17.56861 404.98615
Test:394	0.10649	0.15706	0.08336	0.09973
Train:394 185.10338 16.46825 168.63516
Test:395	0.10627	0.15725	0.08336	0.09984
Train:395 181.94243 17.72416 164.21826
Test:396	0.10642	0.15732	0.08330	0.09978
Train:396 498.54581 17.90694 480.63889
Test:397	0.10671	0.15736	0.08338	0.09976
Train:397 581.89697 17.99689 563.90002
Test:398	0.10669	0.15741	0.08341	0.09980
Train:398 660.27618 17.47838 642.79779
Test:399	0.10681	0.15745	0.08335	0.09973
Train:399 182.03261 17.42365 164.60895
Test:400	0.10658	0.15748	0.08323	0.09969
Train:400 336.10770 16.67380 319.43393
Test:401	0.10670	0.15728	0.08328	0.09965
Train:401 498.38150 16.74844 481.63306
Test:402	0.10652	0.15732	0.08322	0.09968
Train:402 177.29640 17.32201 159.97438
Test:403	0.10617	0.15721	0.08303	0.09963
Train:403 174.65442 16.79422 157.86020
Test:404	0.10635	0.15747	0.08321	0.09979
Train:404 172.51976 17.58667 154.93307
Test:405	0.10649	0.15748	0.08324	0.09978
Train:405 170.86661 18.77423 152.09238
Test:406	0.10659	0.15720	0.08325	0.09964
Train:406 169.16905 18.88479 150.28426
Test:407	0.10618	0.15696	0.08313	0.09962
Train:407 168.87871 19.41430 149.46439
Test:408	0.10598	0.15681	0.08307	0.09958
Train:408 167.26662 18.63726 148.62938
Test:409	0.10598	0.15714	0.08309	0.09970
Train:409 409.97495 19.60173 390.37320
Test:410	0.10599	0.15704	0.08301	0.09959
Train:410 412.36176 19.38249 392.97931
Test:411	0.10580	0.15671	0.08292	0.09947
Train:411 169.36459 18.59389 150.77071
Test:412	0.10610	0.15682	0.08298	0.09945
Train:412 168.81914 17.88959 150.92952
Test:413	0.10627	0.15695	0.08313	0.09958
Train:413 412.70248 16.77452 395.92795
Test:414	0.10614	0.15683	0.08296	0.09945
Train:414 169.18500 18.98554 150.19948
Test:415	0.10572	0.15689	0.08277	0.09945
Train:415 411.37161 18.55767 392.81390
Test:416	0.10607	0.15729	0.08289	0.09954
Train:416 736.98291 18.26494 718.71796
Test:417	0.10659	0.15708	0.08321	0.09963
Train:417 172.88528 17.61406 155.27124
Test:418	0.10643	0.15711	0.08327	0.09971
Train:418 171.70421 17.30055 154.40364
Test:419	0.10615	0.15712	0.08306	0.09962
Train:419 735.46759 17.88262 717.58508
Test:420	0.10591	0.15688	0.08309	0.09970
Train:420 415.70587 18.65196 397.05399
Test:421	0.10577	0.15693	0.08302	0.09967
Train:421 174.69400 17.43149 157.26251
Test:422	0.10564	0.15719	0.08287	0.09970
Train:422 415.74185 17.35768 398.38419
Test:423	0.10616	0.15727	0.08307	0.09975
Train:423 172.46808 16.90978 155.55829
Test:424	0.10621	0.15704	0.08314	0.09970
Train:424 170.92659 17.39985 153.52675
Test:425	0.10634	0.15741	0.08309	0.09970
Train:425 572.99329 17.98166 555.01160
Test:426	0.10643	0.15724	0.08334	0.09986
Train:426 171.88937 17.19894 154.69044
Test:427	0.10661	0.15735	0.08352	0.10002
Train:427 171.02603 17.26160 153.76445
Test:428	0.10673	0.15721	0.08339	0.09979
Train:428 168.80331 17.02083 151.78249
Test:429	0.10696	0.15710	0.08349	0.09979
Train:429 331.03284 20.25078 310.78207
Test:430	0.10666	0.15723	0.08348	0.09995
Train:430 494.94937 18.32860 476.62076
Test:431	0.10718	0.15725	0.08358	0.09985
Train:431 171.03664 18.67219 152.36443
Test:432	0.10694	0.15756	0.08360	0.09999
Train:432 171.24629 19.44632 151.79997
Test:433	0.10696	0.15739	0.08351	0.09989
Train:433 168.67894 17.99228 150.68666
Test:434	0.10681	0.15728	0.08341	0.09979
Train:434 572.49866 17.15685 555.34198
Test:435	0.10655	0.15730	0.08328	0.09974
Train:435 168.98337 18.06930 150.91406
Test:436	0.10672	0.15715	0.08320	0.09959
Train:436 168.99838 18.39853 150.59987
Test:437	0.10641	0.15717	0.08300	0.09953
Train:437 168.14998 18.30336 149.84662
Test:438	0.10659	0.15730	0.08316	0.09963
Train:438 899.54193 18.14662 881.39539
Test:439	0.10635	0.15713	0.08313	0.09957
Train:439 171.48279 18.02133 153.46147
Test:440	0.10651	0.15690	0.08319	0.09951
Train:440 818.57935 17.06135 801.51801
Test:441	0.10646	0.15691	0.08323	0.09955
Train:441 499.13654 17.58466 481.55194
Test:442	0.10631	0.15665	0.08310	0.09940
Train:442 418.72293 18.37441 400.34845
Test:443	0.10683	0.15651	0.08337	0.09945
Train:443 417.10831 17.27258 399.83575
Test:444	0.10698	0.15719	0.08335	0.09959
Train:444 818.66040 17.04341 801.61707
Test:445	0.10636	0.15703	0.08309	0.09953
Train:445 736.09961 16.16939 719.93030
Test:446	0.10626	0.15698	0.08319	0.09962
Train:446 185.54794 16.13478 169.41319
Test:447	0.10608	0.15696	0.08310	0.09959
Train:447 182.72333 16.45796 166.26537
Test:448	0.10609	0.15686	0.08307	0.09950
Train:448 497.68484 16.76871 480.91614
Test:449	0.10638	0.15678	0.08314	0.09949
Train:449 499.27664 17.52025 481.75644
Test:450	0.10675	0.15695	0.08307	0.09933
Train:450 178.72951 17.51091 161.21861
Test:451	0.10679	0.15682	0.08314	0.09932
Train:451 337.12070 17.35234 319.76837
Test:452	0.10652	0.15635	0.08297	0.09911
Train:452 173.30540 16.88048 156.42491
Test:453	0.10636	0.15654	0.08295	0.09921
Train:453 171.40273 17.29369 154.10901
Test:454	0.10631	0.15647	0.08287	0.09917
Train:454 412.23169 17.70880 394.52283
Test:455	0.10603	0.15680	0.08275	0.09933
Train:455 657.79932 17.96780 639.83160
Test:456	0.10622	0.15673	0.08289	0.09935
Train:456 174.34094 18.48707 155.85390
Test:457	0.10617	0.15678	0.08301	0.09944
Train:457 896.59491 17.62572 878.96899
Test:458	0.10623	0.15697	0.08307	0.09951
Train:458 176.92902 16.47506 160.45395
Test:459	0.10637	0.15656	0.08306	0.09936
Train:459 175.68829 16.65527 159.03305
Test:460	0.10638	0.15634	0.08322	0.09940
Train:460 174.85292 18.62828 156.22464
Test:461	0.10657	0.15661	0.08337	0.09961
Train:461 730.97949 17.72105 713.25836
Test:462	0.10646	0.15659	0.08334	0.09962
Train:462 502.99902 17.51707 485.48196
Test:463	0.10642	0.15706	0.08327	0.09974
Train:463 176.01610 16.46940 159.54674
Test:464	0.10641	0.15675	0.08327	0.09964
Train:464 173.17136 16.38224 156.78914
Test:465	0.10647	0.15664	0.08327	0.09959
Train:465 738.69830 16.96478 721.73364
Test:466	0.10645	0.15692	0.08336	0.09972
Train:466 571.49860 15.69193 555.80670
Test:467	0.10625	0.15667	0.08343	0.09977
Train:467 177.50467 16.04777 161.45692
Test:468	0.10634	0.15659	0.08350	0.09980
Train:468 174.88472 16.75205 158.13266
Test:469	0.10629	0.15658	0.08344	0.09977
Train:469 172.83568 17.43496 155.40076
Test:470	0.10669	0.15686	0.08355	0.09983
Train:470 170.07318 17.26328 152.80992
Test:471	0.10641	0.15727	0.08338	0.09987
Train:471 1053.87891 17.35037 1036.52856
Test:472	0.10629	0.15677	0.08333	0.09972
Train:472 337.77386 18.57074 319.20316
Test:473	0.10645	0.15694	0.08348	0.09980
Train:473 176.05171 17.10785 158.94386
Test:474	0.10653	0.15686	0.08356	0.09979
Train:474 500.99561 17.29146 483.70404
Test:475	0.10642	0.15700	0.08338	0.09976
Train:475 174.53271 16.66815 157.86453
Test:476	0.10608	0.15733	0.08321	0.09982
Train:476 333.82004 16.28365 317.53638
Test:477	0.10620	0.15725	0.08325	0.09985
Train:477 409.39252 16.01209 393.38037
Test:478	0.10628	0.15709	0.08331	0.09982
Train:478 172.35934 17.97153 154.38779
Test:479	0.10704	0.15713	0.08349	0.09969
Train:479 171.15353 17.68927 153.46428
Test:480	0.10680	0.15714	0.08339	0.09963
Train:480 332.10220 17.83133 314.27087
Test:481	0.10646	0.15756	0.08337	0.09989
Train:481 168.08458 16.59303 151.49153
Test:482	0.10595	0.15711	0.08312	0.09967
Train:482 411.29346 17.11809 394.17532
Test:483	0.10633	0.15689	0.08328	0.09965
Train:483 657.57825 17.59872 639.97949
Test:484	0.10615	0.15722	0.08324	0.09979
Train:484 171.02454 16.74532 154.27921
Test:485	0.10638	0.15697	0.08330	0.09973
Train:485 170.82164 17.10886 153.71280
Test:486	0.10656	0.15681	0.08336	0.09969
Train:486 168.20918 16.51864 151.69057
Test:487	0.10604	0.15692	0.08309	0.09966
Train:487 492.32004 17.37390 474.94614
Test:488	0.10628	0.15731	0.08323	0.09983
Train:488 409.90234 15.79979 394.10257
Test:489	0.10658	0.15754	0.08339	0.09998
Train:489 168.51535 15.66711 152.84825
Test:490	0.10673	0.15779	0.08340	0.09998
Train:490 170.25992 18.50742 151.75250
Test:491	0.10677	0.15742	0.08329	0.09977
Train:491 248.06749 17.21145 230.85606
Test:492	0.10707	0.15717	0.08339	0.09965
Train:492 575.15942 16.94572 558.21375
Test:493	0.10733	0.15741	0.08347	0.09969
Train:493 1218.08899 17.73973 1200.34924
Test:494	0.10768	0.15735	0.08353	0.09966
Train:494 178.76700 17.35973 161.40729
Test:495	0.10720	0.15767	0.08335	0.09972
Train:495 179.37657 17.43053 161.94603
Test:496	0.10720	0.15729	0.08343	0.09971
Train:496 174.46600 15.67364 158.79239
Test:497	0.10699	0.15749	0.08324	0.09967
Train:497 250.74423 15.36238 235.38187
Test:498	0.10699	0.15776	0.08313	0.09964
Train:498 168.64627 15.95182 152.69444
Test:499	0.10678	0.15760	0.08309	0.09959
Train:499 166.25851 15.33518 150.92331
Test:500	0.10653	0.15768	0.08299	0.09963
Train:500 410.76987 15.83892 394.93106
Test:501	0.10650	0.15753	0.08316	0.09976
