log=amazon-book
lr=0.002
weight_decay=0.0005
momentum=0.95
epochs=500
batch_size=10000
seed=1234
log_freq=1
eval_freq=1
device=cuda:0
embedding_dim=50
network=resSumGCN
scale=0.1
max_norm=1.5
num_layers=4
margin=0.2
ssl_ratio=0.1
ssl_temp=0.05
ssl_reg=0.005
dataset=Amazon-Book
num_neg=1
test_ratio=0.2
norm_adj=True
Train:  1 1706.52222 881.06531 825.45715
Test:  2	0.03050	0.04910	0.02948	0.03616
Train:  2 991.63275 289.56229 702.07037
Test:  3	0.03644	0.05968	0.03502	0.04336
Train:  3 877.05139 232.16539 644.88611
Test:  4	0.04013	0.06486	0.03853	0.04742
Train:  4 809.51135 205.43468 604.07623
Test:  5	0.04290	0.06941	0.04108	0.05062
Train:  5 763.56219 192.79253 570.76959
Test:  6	0.04580	0.07351	0.04373	0.05368
Train:  6 717.91187 176.52435 541.38739
Test:  7	0.04801	0.07723	0.04581	0.05630
Train:  7 686.33978 171.47223 514.86761
Test:  8	0.05005	0.08063	0.04784	0.05883
Train:  8 655.83130 164.78624 491.04501
Test:  9	0.05192	0.08347	0.04965	0.06100
Train:  9 630.68195 161.47751 469.20444
Test: 10	0.05361	0.08594	0.05133	0.06291
Train: 10 604.09399 155.25766 448.83652
Test: 11	0.05517	0.08832	0.05293	0.06483
Train: 11 577.79834 148.43733 429.36093
Test: 12	0.05667	0.09018	0.05432	0.06635
Train: 12 555.93890 144.55127 411.38770
Test: 13	0.05840	0.09220	0.05584	0.06792
Train: 13 535.52612 141.42940 394.09659
Test: 14	0.05949	0.09374	0.05696	0.06921
Train: 14 517.25311 137.89934 379.35391
Test: 15	0.06065	0.09526	0.05818	0.07056
Train: 15 497.32291 132.55023 364.77264
Test: 16	0.06181	0.09707	0.05927	0.07189
Train: 16 482.27957 131.15533 351.12418
Test: 17	0.06271	0.09826	0.06018	0.07286
Train: 17 467.55817 128.97102 338.58710
Test: 18	0.06356	0.09986	0.06123	0.07420
Train: 18 454.96338 128.19452 326.76880
Test: 19	0.06449	0.10130	0.06216	0.07528
Train: 19 442.00989 125.13858 316.87128
Test: 20	0.06536	0.10226	0.06304	0.07618
Train: 20 427.76196 121.27599 306.48599
Test: 21	0.06612	0.10357	0.06388	0.07722
Train: 21 413.69968 117.09055 296.60910
Test: 22	0.06695	0.10452	0.06471	0.07808
Train: 22 404.10745 116.31810 287.78940
Test: 23	0.06792	0.10579	0.06560	0.07904
Train: 23 396.50381 117.24183 279.26202
Test: 24	0.06865	0.10669	0.06630	0.07978
Train: 24 390.45422 117.97002 272.48419
Test: 25	0.06912	0.10774	0.06697	0.08070
Train: 25 376.72357 111.50665 265.21692
Test: 26	0.06990	0.10867	0.06776	0.08145
Train: 26 371.32742 113.08279 258.24484
Test: 27	0.07063	0.10964	0.06853	0.08230
Train: 27 361.33353 109.02481 252.30869
Test: 28	0.07121	0.11060	0.06915	0.08302
Train: 28 353.74734 107.61916 246.12813
Test: 29	0.07169	0.11118	0.06967	0.08360
Train: 29 347.14893 105.84666 241.30220
Test: 30	0.07204	0.11202	0.07009	0.08422
Train: 30 342.37451 106.39589 235.97868
Test: 31	0.07260	0.11256	0.07066	0.08476
Train: 31 332.98212 102.43571 230.54636
Test: 32	0.07267	0.11312	0.07092	0.08523
Train: 32 326.30045 100.14326 226.15726
Test: 33	0.07349	0.11372	0.07157	0.08578
Train: 33 323.89240 102.47238 221.42017
Test: 34	0.07410	0.11456	0.07207	0.08636
Train: 34 316.07874 97.97878 218.09990
Test: 35	0.07433	0.11523	0.07235	0.08683
Train: 35 311.39212 97.72109 213.67111
Test: 36	0.07449	0.11604	0.07268	0.08741
Train: 36 308.50940 98.68700 209.82248
Test: 37	0.07460	0.11645	0.07298	0.08778
Train: 37 304.35251 97.58458 206.76787
Test: 38	0.07522	0.11691	0.07351	0.08826
Train: 38 302.37918 99.13632 203.24290
Test: 39	0.07560	0.11728	0.07393	0.08866
Train: 39 296.11136 95.01324 201.09799
Test: 40	0.07621	0.11781	0.07445	0.08916
Train: 40 289.58926 91.87856 197.71066
Test: 41	0.07647	0.11849	0.07483	0.08969
Train: 41 288.28018 93.40293 194.87730
Test: 42	0.07688	0.11907	0.07526	0.09012
Train: 42 283.55881 91.39991 192.15898
Test: 43	0.07725	0.11936	0.07565	0.09047
Train: 43 278.57629 89.16053 189.41574
Test: 44	0.07746	0.11972	0.07594	0.09083
Train: 44 276.17474 88.72677 187.44795
Test: 45	0.07765	0.12002	0.07619	0.09108
Train: 45 275.73129 90.91816 184.81310
Test: 46	0.07810	0.12058	0.07652	0.09147
Train: 46 266.54910 83.84589 182.70320
Test: 47	0.07842	0.12103	0.07683	0.09185
Train: 47 267.11804 86.58350 180.53452
Test: 48	0.07882	0.12136	0.07713	0.09208
Train: 48 263.60220 85.11871 178.48349
Test: 49	0.07917	0.12176	0.07739	0.09238
Train: 49 262.84933 85.55534 177.29402
Test: 50	0.07913	0.12197	0.07748	0.09260
Train: 50 258.96381 83.70307 175.26076
Test: 51	0.07937	0.12238	0.07778	0.09297
Train: 51 255.06046 81.40986 173.65063
Test: 52	0.07944	0.12280	0.07795	0.09326
Train: 52 373.19830 82.28391 290.91434
Test: 53	0.08001	0.12299	0.07842	0.09358
Train: 53 253.19072 81.54264 171.64803
Test: 54	0.08034	0.12353	0.07872	0.09391
Train: 54 251.00131 80.47619 170.52505
Test: 55	0.08045	0.12366	0.07881	0.09404
Train: 55 250.29369 81.74192 168.55182
Test: 56	0.08077	0.12382	0.07915	0.09430
Train: 56 249.40605 82.11108 167.29498
Test: 57	0.08094	0.12411	0.07946	0.09464
Train: 57 245.14273 79.42237 165.72032
Test: 58	0.08124	0.12435	0.07970	0.09485
Train: 58 240.98151 76.62154 164.36000
Test: 59	0.08149	0.12465	0.08000	0.09516
Train: 59 243.02733 79.47654 163.55083
Test: 60	0.08168	0.12481	0.08020	0.09532
Train: 60 240.11578 78.18291 161.93286
Test: 61	0.08184	0.12547	0.08035	0.09569
Train: 61 235.34891 74.62186 160.72693
Test: 62	0.08203	0.12567	0.08052	0.09586
Train: 62 237.02444 77.50868 159.51575
Test: 63	0.08214	0.12599	0.08077	0.09616
Train: 63 235.44325 76.93758 158.50562
Test: 64	0.08225	0.12630	0.08094	0.09638
Train: 64 233.76297 75.72832 158.03461
Test: 65	0.08275	0.12629	0.08128	0.09652
Train: 65 232.71628 76.01761 156.69864
Test: 66	0.08270	0.12660	0.08134	0.09673
Train: 66 229.28346 73.58089 155.70255
Test: 67	0.08298	0.12702	0.08152	0.09695
Train: 67 229.71191 74.96581 154.74602
Test: 68	0.08302	0.12720	0.08178	0.09726
Train: 68 228.26099 74.20028 154.06068
Test: 69	0.08309	0.12754	0.08194	0.09751
Train: 69 229.25148 75.66161 153.58986
Test: 70	0.08344	0.12784	0.08226	0.09779
Train: 70 224.07956 71.56615 152.51338
Test: 71	0.08360	0.12782	0.08231	0.09777
Train: 71 225.58603 73.82279 151.76326
Test: 72	0.08377	0.12803	0.08252	0.09800
Train: 72 222.16632 71.30705 150.85927
Test: 73	0.08401	0.12827	0.08276	0.09822
Train: 73 220.38171 69.98109 150.40065
Test: 74	0.08429	0.12828	0.08288	0.09823
Train: 74 222.59210 72.78407 149.80797
Test: 75	0.08423	0.12856	0.08288	0.09838
Train: 75 318.78323 69.25620 249.52707
Test: 76	0.08441	0.12872	0.08310	0.09858
Train: 76 218.92383 70.09191 148.83185
Test: 77	0.08461	0.12892	0.08328	0.09876
Train: 77 218.12608 70.16681 147.95927
Test: 78	0.08476	0.12912	0.08345	0.09893
Train: 78 217.39290 69.70929 147.68365
Test: 79	0.08468	0.12921	0.08350	0.09901
Train: 79 278.01172 70.23829 207.77353
Test: 80	0.08490	0.12936	0.08369	0.09915
Train: 80 216.23215 69.52531 146.70685
Test: 81	0.08514	0.12930	0.08380	0.09917
Train: 81 213.32588 67.49396 145.83192
Test: 82	0.08522	0.12953	0.08389	0.09933
Train: 82 213.86887 68.78124 145.08757
Test: 83	0.08543	0.12981	0.08410	0.09953
Train: 83 211.30888 66.65791 144.65083
Test: 84	0.08557	0.13004	0.08424	0.09972
Train: 84 214.78603 70.43086 144.35513
Test: 85	0.08557	0.13026	0.08438	0.09996
Train: 85 211.57956 68.16322 143.41638
Test: 86	0.08572	0.13042	0.08442	0.10006
Train: 86 209.98450 67.04817 142.93646
Test: 87	0.08591	0.13069	0.08465	0.10026
Train: 87 208.68835 66.46019 142.22815
Test: 88	0.08624	0.13080	0.08486	0.10034
Train: 88 207.25716 65.23058 142.02660
Test: 89	0.08606	0.13093	0.08474	0.10034
Train: 89 206.72574 64.99566 141.73012
Test: 90	0.08615	0.13108	0.08482	0.10044
Train: 90 207.09262 66.19271 140.89996
Test: 91	0.08626	0.13125	0.08496	0.10062
Train: 91 204.71449 64.26121 140.45331
Test: 92	0.08640	0.13131	0.08512	0.10076
Train: 92 206.03638 66.08798 139.94841
Test: 93	0.08653	0.13151	0.08525	0.10091
Train: 93 304.97595 64.48563 240.49033
Test: 94	0.08675	0.13166	0.08540	0.10102
Train: 94 206.16774 65.74107 140.42667
Test: 95	0.08671	0.13170	0.08542	0.10110
Train: 95 206.70494 67.05213 139.65280
Test: 96	0.08666	0.13178	0.08550	0.10125
Train: 96 202.22362 63.08214 139.14151
Test: 97	0.08671	0.13184	0.08556	0.10128
Train: 97 204.09598 65.49522 138.60083
Test: 98	0.08690	0.13218	0.08570	0.10150
Train: 98 201.63916 63.27013 138.36899
Test: 99	0.08708	0.13219	0.08577	0.10149
Train: 99 202.47185 64.65594 137.81587
Test:100	0.08702	0.13233	0.08588	0.10168
Train:100 202.19218 64.70219 137.49008
Test:101	0.08733	0.13255	0.08621	0.10193
Train:101 198.90546 61.90941 136.99606
Test:102	0.08743	0.13260	0.08628	0.10199
Train:102 200.12917 63.46061 136.66866
Test:103	0.08727	0.13272	0.08621	0.10200
Train:103 300.40482 63.02237 237.38249
Test:104	0.08724	0.13275	0.08630	0.10210
Train:104 199.72221 62.81781 136.90445
Test:105	0.08737	0.13289	0.08638	0.10219
Train:105 198.01881 61.46284 136.55594
Test:106	0.08748	0.13295	0.08653	0.10233
Train:106 197.78700 62.14784 135.63910
Test:107	0.08763	0.13322	0.08655	0.10244
Train:107 197.38330 62.11776 135.26564
Test:108	0.08766	0.13347	0.08669	0.10261
Train:108 196.19119 60.99783 135.19341
Test:109	0.08778	0.13339	0.08679	0.10267
Train:109 196.25623 61.64278 134.61351
Test:110	0.08781	0.13341	0.08683	0.10270
Train:110 195.57539 61.14230 134.43314
Test:111	0.08793	0.13358	0.08687	0.10276
Train:111 194.35472 60.44218 133.91251
Test:112	0.08784	0.13366	0.08680	0.10277
Train:112 194.28111 60.83802 133.44316
Test:113	0.08804	0.13369	0.08698	0.10286
Train:113 195.48933 61.79893 133.69043
Test:114	0.08822	0.13389	0.08704	0.10292
Train:114 194.60565 61.57539 133.03032
Test:115	0.08833	0.13378	0.08719	0.10295
Train:115 192.88190 60.03024 132.85164
Test:116	0.08843	0.13392	0.08721	0.10298
Train:116 191.92781 59.67371 132.25410
Test:117	0.08838	0.13424	0.08728	0.10320
Train:117 192.17845 60.18066 131.99779
Test:118	0.08841	0.13427	0.08731	0.10323
Train:118 193.30637 61.20646 132.09990
Test:119	0.08845	0.13444	0.08742	0.10338
Train:119 190.66125 58.92420 131.73706
Test:120	0.08883	0.13474	0.08760	0.10351
Train:120 191.25970 59.80074 131.45895
Test:121	0.08880	0.13483	0.08765	0.10361
Train:121 189.13370 58.00534 131.12834
Test:122	0.08864	0.13491	0.08763	0.10367
Train:122 191.22055 60.48898 130.73161
Test:123	0.08873	0.13479	0.08772	0.10370
Train:123 290.17169 58.00504 232.16664
Test:124	0.08886	0.13492	0.08787	0.10383
Train:124 189.80656 58.45913 131.34743
Test:125	0.08868	0.13500	0.08773	0.10384
Train:125 188.35782 57.22026 131.13748
Test:126	0.08896	0.13507	0.08786	0.10386
Train:126 189.28183 58.69217 130.58968
Test:127	0.08878	0.13512	0.08781	0.10389
Train:127 188.24196 58.10431 130.13768
Test:128	0.08896	0.13523	0.08790	0.10398
Train:128 189.90173 59.54196 130.35971
Test:129	0.08878	0.13516	0.08790	0.10401
Train:129 188.14995 58.41261 129.73732
Test:130	0.08890	0.13531	0.08792	0.10407
Train:130 188.40309 58.55998 129.84314
Test:131	0.08907	0.13527	0.08803	0.10404
Train:131 188.22997 58.81438 129.41563
Test:132	0.08916	0.13504	0.08809	0.10397
Train:132 185.57780 56.46951 129.10825
Test:133	0.08906	0.13519	0.08806	0.10406
Train:133 185.70360 56.38343 129.32013
Test:134	0.08917	0.13525	0.08806	0.10405
Train:134 187.47755 58.60242 128.87509
Test:135	0.08922	0.13522	0.08820	0.10413
Train:135 186.79208 57.95344 128.83867
Test:136	0.08909	0.13572	0.08817	0.10435
Train:136 186.49519 58.25095 128.24420
Test:137	0.08926	0.13560	0.08829	0.10436
Train:137 187.56110 59.33741 128.22365
Test:138	0.08944	0.13562	0.08855	0.10450
Train:138 186.16550 57.64545 128.52008
Test:139	0.08957	0.13576	0.08859	0.10452
Train:139 185.56059 57.55525 128.00536
Test:140	0.08959	0.13569	0.08854	0.10447
Train:140 185.74524 57.59730 128.14796
Test:141	0.08961	0.13579	0.08861	0.10457
Train:141 183.73672 56.09375 127.64294
Test:142	0.08972	0.13588	0.08866	0.10463
Train:142 185.90508 58.42735 127.47772
Test:143	0.08964	0.13585	0.08872	0.10470
Train:143 185.45097 57.45434 127.99660
Test:144	0.08975	0.13595	0.08879	0.10477
Train:144 182.20340 55.07597 127.12746
Test:145	0.08982	0.13609	0.08886	0.10486
Train:145 183.18912 55.82550 127.36366
Test:146	0.08979	0.13593	0.08890	0.10484
Train:146 183.65408 56.97704 126.67702
Test:147	0.08993	0.13589	0.08897	0.10484
Train:147 182.20573 55.62953 126.57622
Test:148	0.08977	0.13596	0.08891	0.10490
Train:148 182.62325 55.60173 127.02154
Test:149	0.08994	0.13592	0.08903	0.10492
Train:149 183.36398 57.05283 126.31115
Test:150	0.09006	0.13593	0.08910	0.10497
Train:150 181.12776 54.68124 126.44649
Test:151	0.09003	0.13607	0.08907	0.10499
Train:151 181.86649 55.76173 126.10471
Test:152	0.09012	0.13613	0.08916	0.10504
Train:152 181.51543 55.67278 125.84263
Test:153	0.09006	0.13616	0.08917	0.10510
Train:153 182.98669 56.68332 126.30332
Test:154	0.09007	0.13608	0.08909	0.10501
Train:154 179.92871 54.12441 125.80433
Test:155	0.09022	0.13645	0.08923	0.10526
Train:155 181.04524 55.14047 125.90474
Test:156	0.09042	0.13655	0.08938	0.10533
Train:156 181.43625 55.95943 125.47683
Test:157	0.09047	0.13646	0.08949	0.10534
Train:157 181.84438 56.49317 125.35112
Test:158	0.09054	0.13657	0.08961	0.10551
Train:158 181.58914 55.81124 125.77791
Test:159	0.09052	0.13648	0.08965	0.10551
Train:159 181.56815 56.29260 125.27550
Test:160	0.09059	0.13660	0.08965	0.10555
Train:160 181.66492 56.29534 125.36953
Test:161	0.09041	0.13654	0.08947	0.10543
Train:161 181.90416 56.70387 125.20030
Test:162	0.09041	0.13661	0.08950	0.10550
Train:162 179.36664 54.66607 124.70065
Test:163	0.09051	0.13678	0.08963	0.10562
Train:163 181.63528 56.42893 125.20638
Test:164	0.09043	0.13693	0.08957	0.10566
Train:164 180.43225 55.68769 124.74454
Test:165	0.09070	0.13701	0.08980	0.10581
Train:165 181.23044 56.43216 124.79827
Test:166	0.09069	0.13701	0.08974	0.10578
Train:166 179.39960 54.93696 124.46258
Test:167	0.09076	0.13725	0.08981	0.10592
Train:167 179.98569 55.83974 124.14597
Test:168	0.09063	0.13731	0.08970	0.10590
Train:168 179.56721 54.98832 124.57895
Test:169	0.09075	0.13713	0.08985	0.10592
Train:169 177.48831 53.36195 124.12642
Test:170	0.09071	0.13718	0.08994	0.10600
Train:170 178.83449 54.65401 124.18050
Test:171	0.09084	0.13739	0.08990	0.10598
Train:171 177.90863 53.94702 123.96160
Test:172	0.09086	0.13762	0.09000	0.10619
Train:172 177.62172 53.98610 123.63563
Test:173	0.09086	0.13764	0.08997	0.10617
Train:173 280.22833 54.42244 225.80582
Test:174	0.09096	0.13748	0.09001	0.10615
Train:174 178.10435 53.82808 124.27632
Test:175	0.09089	0.13755	0.09010	0.10627
Train:175 178.78651 54.50579 124.28071
Test:176	0.09083	0.13757	0.09002	0.10621
Train:176 179.11671 55.07143 124.04529
Test:177	0.09098	0.13747	0.09009	0.10619
Train:177 177.35045 53.54100 123.80946
Test:178	0.09106	0.13755	0.09014	0.10625
Train:178 176.90504 52.97038 123.93473
Test:179	0.09110	0.13751	0.09015	0.10622
Train:179 177.70728 54.13765 123.56963
Test:180	0.09112	0.13757	0.09013	0.10620
Train:180 176.88110 53.42951 123.45152
Test:181	0.09106	0.13765	0.09024	0.10635
Train:181 176.34898 53.22450 123.12453
Test:182	0.09119	0.13771	0.09029	0.10636
Train:182 177.15094 54.26463 122.88630
Test:183	0.09124	0.13759	0.09034	0.10634
Train:183 178.28204 54.94253 123.33951
Test:184	0.09112	0.13768	0.09040	0.10646
Train:184 176.54034 53.44291 123.09748
Test:185	0.09124	0.13797	0.09040	0.10655
Train:185 177.22768 54.29983 122.92780
Test:186	0.09122	0.13775	0.09052	0.10660
Train:186 176.89534 54.03979 122.85549
Test:187	0.09141	0.13804	0.09059	0.10670
Train:187 176.80421 54.12518 122.67901
Test:188	0.09136	0.13786	0.09054	0.10659
Train:188 176.89275 53.84797 123.04482
Test:189	0.09130	0.13792	0.09054	0.10661
Train:189 176.94882 54.18853 122.76029
Test:190	0.09126	0.13776	0.09050	0.10656
Train:190 176.19768 53.62466 122.57299
Test:191	0.09134	0.13768	0.09051	0.10650
Train:191 176.48643 54.18323 122.30325
Test:192	0.09142	0.13773	0.09067	0.10661
Train:192 176.89156 54.74250 122.14902
Test:193	0.09136	0.13804	0.09060	0.10672
Train:193 178.26622 55.53325 122.73295
Test:194	0.09151	0.13808	0.09064	0.10669
Train:194 175.26521 53.21575 122.04945
Test:195	0.09164	0.13789	0.09065	0.10664
Train:195 173.99800 51.87593 122.12213
Test:196	0.09169	0.13791	0.09088	0.10682
Train:196 176.59894 54.60244 121.99654
Test:197	0.09157	0.13790	0.09084	0.10681
Train:197 173.76888 51.95316 121.81570
Test:198	0.09155	0.13803	0.09076	0.10679
Train:198 176.56870 54.33263 122.23603
Test:199	0.09175	0.13799	0.09088	0.10682
Train:199 175.34811 53.33921 122.00887
Test:200	0.09170	0.13818	0.09095	0.10697
Train:200 173.44855 51.59303 121.85554
Test:201	0.09170	0.13834	0.09099	0.10707
Train:201 175.24092 53.63675 121.60415
Test:202	0.09181	0.13813	0.09109	0.10703
Train:202 174.59035 53.21505 121.37531
Test:203	0.09194	0.13828	0.09117	0.10712
Train:203 174.30779 52.59969 121.70808
Test:204	0.09183	0.13820	0.09106	0.10703
Train:204 173.94606 52.52007 121.42594
Test:205	0.09192	0.13806	0.09115	0.10703
Train:205 173.67252 52.37923 121.29329
Test:206	0.09198	0.13841	0.09126	0.10722
Train:206 174.02293 52.96627 121.05669
Test:207	0.09195	0.13837	0.09119	0.10719
Train:207 176.14432 54.91555 121.22876
Test:208	0.09213	0.13848	0.09128	0.10723
Train:208 174.01752 52.61666 121.40092
Test:209	0.09208	0.13884	0.09124	0.10738
Train:209 174.49557 53.32875 121.16682
Test:210	0.09198	0.13872	0.09126	0.10741
Train:210 174.43996 53.35267 121.08732
Test:211	0.09198	0.13869	0.09136	0.10747
Train:211 174.27370 53.14581 121.12791
Test:212	0.09191	0.13844	0.09134	0.10737
Train:212 173.60898 52.76274 120.84627
Test:213	0.09193	0.13837	0.09141	0.10736
Train:213 174.35356 53.20424 121.14935
Test:214	0.09198	0.13843	0.09136	0.10731
Train:214 173.91505 53.12539 120.78972
Test:215	0.09189	0.13856	0.09131	0.10737
Train:215 171.86435 51.09144 120.77294
Test:216	0.09180	0.13838	0.09117	0.10721
Train:216 173.52501 52.92012 120.60484
Test:217	0.09185	0.13874	0.09129	0.10743
Train:217 173.39505 52.80947 120.58559
Test:218	0.09183	0.13852	0.09124	0.10731
Train:218 173.20366 52.31184 120.89186
Test:219	0.09201	0.13881	0.09128	0.10738
Train:219 171.35822 50.82672 120.53147
Test:220	0.09185	0.13861	0.09127	0.10734
Train:220 172.01669 51.80183 120.21484
Test:221	0.09191	0.13872	0.09124	0.10733
Train:221 173.69008 53.48354 120.20661
Test:222	0.09215	0.13883	0.09148	0.10754
Train:222 172.69469 52.27079 120.42390
Test:223	0.09197	0.13870	0.09137	0.10746
Train:223 172.42543 51.85835 120.56705
Test:224	0.09211	0.13869	0.09141	0.10740
Train:224 170.25195 50.10237 120.14968
Test:225	0.09225	0.13884	0.09155	0.10756
Train:225 172.27791 52.16602 120.11191
Test:226	0.09214	0.13883	0.09150	0.10756
Train:226 172.76201 52.83184 119.93018
Test:227	0.09222	0.13891	0.09162	0.10763
Train:227 173.02283 52.88438 120.13850
Test:228	0.09240	0.13886	0.09167	0.10764
Train:228 173.20183 52.87934 120.32244
Test:229	0.09225	0.13860	0.09152	0.10749
Train:229 173.69676 53.69464 120.00216
Test:230	0.09229	0.13865	0.09150	0.10743
Train:230 172.66417 52.55309 120.11108
Test:231	0.09232	0.13866	0.09152	0.10746
Train:231 172.93675 52.95553 119.98124
Test:232	0.09224	0.13890	0.09151	0.10755
Train:232 171.78168 51.59140 120.19023
Test:233	0.09233	0.13901	0.09158	0.10763
Train:233 173.33502 53.19049 120.14453
Test:234	0.09254	0.13902	0.09177	0.10775
Train:234 169.07178 49.31215 119.75962
Test:235	0.09237	0.13914	0.09173	0.10781
Train:235 171.43562 51.75694 119.67866
Test:236	0.09231	0.13904	0.09168	0.10777
Train:236 170.84210 51.41521 119.42688
Test:237	0.09228	0.13934	0.09172	0.10791
Train:237 172.29082 52.47566 119.81523
Test:238	0.09242	0.13912	0.09177	0.10780
Train:238 172.53476 52.73215 119.80259
Test:239	0.09236	0.13909	0.09171	0.10775
Train:239 171.46022 51.84176 119.61842
Test:240	0.09226	0.13932	0.09174	0.10789
Train:240 170.95253 51.44584 119.50659
Test:241	0.09206	0.13934	0.09164	0.10794
Train:241 171.64420 52.13974 119.50449
Test:242	0.09221	0.13942	0.09167	0.10791
Train:242 170.16035 50.58662 119.57373
Test:243	0.09232	0.13949	0.09178	0.10801
Train:243 171.17157 51.73293 119.43863
Test:244	0.09223	0.13928	0.09177	0.10798
Train:244 171.59030 52.18148 119.40881
Test:245	0.09221	0.13937	0.09177	0.10803
Train:245 170.75520 51.49059 119.26466
Test:246	0.09235	0.13932	0.09183	0.10803
Train:246 170.93727 51.77197 119.16535
Test:247	0.09229	0.13927	0.09194	0.10810
Train:247 172.06496 52.72848 119.33649
Test:248	0.09234	0.13936	0.09198	0.10817
Train:248 171.70943 52.34420 119.36519
Test:249	0.09255	0.13928	0.09207	0.10813
Train:249 169.81152 50.64613 119.16548
Test:250	0.09244	0.13917	0.09206	0.10813
Train:250 170.53827 51.40559 119.13264
Test:251	0.09243	0.13889	0.09207	0.10803
Train:251 171.92355 52.84869 119.07491
Test:252	0.09268	0.13908	0.09219	0.10815
Train:252 171.46558 52.07476 119.39088
Test:253	0.09258	0.13924	0.09201	0.10811
Train:253 170.40845 51.15796 119.25053
Test:254	0.09258	0.13900	0.09212	0.10812
Train:254 169.96899 50.88584 119.08322
Test:255	0.09274	0.13910	0.09215	0.10811
Train:255 170.14917 51.19997 118.94922
Test:256	0.09258	0.13905	0.09207	0.10808
Train:256 169.05342 50.21788 118.83553
Test:257	0.09269	0.13895	0.09213	0.10806
Train:257 169.99585 51.05521 118.94064
Test:258	0.09255	0.13877	0.09199	0.10794
Train:258 171.13310 52.36308 118.77001
Test:259	0.09261	0.13879	0.09210	0.10800
Train:259 168.88380 49.93657 118.94719
Test:260	0.09278	0.13888	0.09218	0.10802
Train:260 168.10690 49.55502 118.55186
Test:261	0.09267	0.13898	0.09221	0.10815
Train:261 169.34680 50.85514 118.49165
Test:262	0.09246	0.13906	0.09207	0.10812
Train:262 170.12589 51.36805 118.75793
Test:263	0.09262	0.13917	0.09219	0.10821
Train:263 168.47354 49.99856 118.47501
Test:264	0.09266	0.13912	0.09220	0.10820
Train:264 168.36609 49.72002 118.64602
Test:265	0.09250	0.13910	0.09219	0.10825
Train:265 167.79185 49.52087 118.27102
Test:266	0.09234	0.13921	0.09212	0.10827
Train:266 170.34700 52.03093 118.31606
Test:267	0.09245	0.13925	0.09223	0.10832
Train:267 169.19714 50.70796 118.48914
Test:268	0.09261	0.13935	0.09230	0.10836
Train:268 167.03792 48.82569 118.21221
Test:269	0.09253	0.13898	0.09226	0.10823
Train:269 169.08521 50.78955 118.29559
Test:270	0.09261	0.13924	0.09233	0.10837
Train:270 169.67549 51.62224 118.05331
Test:271	0.09253	0.13934	0.09224	0.10835
Train:271 170.00740 51.86657 118.14091
Test:272	0.09263	0.13940	0.09221	0.10827
Train:272 170.49174 52.06093 118.43081
Test:273	0.09268	0.13940	0.09224	0.10833
Train:273 169.73166 51.54292 118.18873
Test:274	0.09273	0.13955	0.09229	0.10840
Train:274 169.05557 50.41566 118.63989
Test:275	0.09285	0.13978	0.09235	0.10848
Train:275 169.60002 51.34266 118.25732
Test:276	0.09283	0.13978	0.09234	0.10848
Train:276 169.12032 50.86985 118.25052
Test:277	0.09307	0.13959	0.09260	0.10856
Train:277 270.54562 50.49027 220.05545
Test:278	0.09303	0.13955	0.09262	0.10862
Train:278 168.36374 49.55844 118.80532
Test:279	0.09305	0.13956	0.09267	0.10865
Train:279 167.58301 48.55273 119.03029
Test:280	0.09300	0.13935	0.09254	0.10846
Train:280 166.77821 48.35455 118.42368
Test:281	0.09284	0.13934	0.09242	0.10843
Train:281 166.99501 48.96204 118.03300
Test:282	0.09297	0.13962	0.09261	0.10866
Train:282 168.65070 50.20384 118.44685
Test:283	0.09310	0.13963	0.09268	0.10867
Train:283 167.15952 49.40002 117.75954
Test:284	0.09300	0.13962	0.09249	0.10853
Train:284 168.08795 49.86091 118.22707
Test:285	0.09314	0.13948	0.09249	0.10844
Train:285 168.58437 50.65732 117.92715
Test:286	0.09300	0.13969	0.09248	0.10859
Train:286 167.69580 49.84242 117.85340
Test:287	0.09312	0.13973	0.09253	0.10859
Train:287 169.01260 50.71966 118.29298
Test:288	0.09282	0.13954	0.09247	0.10857
Train:288 167.00246 49.24803 117.75432
Test:289	0.09282	0.13963	0.09241	0.10853
Train:289 169.48280 51.40852 118.07433
Test:290	0.09312	0.13970	0.09254	0.10859
Train:290 168.87344 51.11609 117.75737
Test:291	0.09336	0.13959	0.09266	0.10856
Train:291 170.16574 52.42088 117.74484
Test:292	0.09317	0.13957	0.09266	0.10864
Train:292 167.98413 49.81303 118.17107
Test:293	0.09323	0.13975	0.09268	0.10869
Train:293 166.80733 49.49472 117.31255
Test:294	0.09330	0.13977	0.09267	0.10866
Train:294 170.38098 52.66784 117.71311
Test:295	0.09297	0.13953	0.09259	0.10862
Train:295 168.40619 50.83373 117.57240
Test:296	0.09310	0.13983	0.09248	0.10858
Train:296 168.49020 50.89402 117.59616
Test:297	0.09301	0.13981	0.09247	0.10861
Train:297 270.53815 50.88831 219.64972
Test:298	0.09315	0.13970	0.09262	0.10864
Train:298 167.50172 49.28280 118.21890
Test:299	0.09328	0.13966	0.09278	0.10871
Train:299 167.87299 49.48683 118.38621
Test:300	0.09311	0.13978	0.09278	0.10885
Train:300 268.09344 48.80934 219.28416
Test:301	0.09327	0.13995	0.09287	0.10893
Train:301 167.93248 49.25959 118.67284
Test:302	0.09330	0.13974	0.09294	0.10890
Train:302 168.97977 50.07266 118.90710
Test:303	0.09327	0.13970	0.09295	0.10892
Train:303 167.31212 49.07349 118.23856
Test:304	0.09306	0.13963	0.09289	0.10891
Train:304 166.31107 48.02641 118.28462
Test:305	0.09323	0.13995	0.09297	0.10905
Train:305 168.55045 50.58038 117.97002
Test:306	0.09310	0.14008	0.09290	0.10908
Train:306 167.19400 49.57132 117.62267
Test:307	0.09320	0.13989	0.09290	0.10898
Train:307 168.01027 49.97131 118.03900
Test:308	0.09340	0.13980	0.09300	0.10893
Train:308 166.31630 48.82765 117.48857
Test:309	0.09314	0.13981	0.09292	0.10894
Train:309 165.55913 47.90804 117.65110
Test:310	0.09355	0.13980	0.09306	0.10889
Train:310 167.14944 49.84932 117.30016
Test:311	0.09338	0.13984	0.09299	0.10891
Train:311 167.41307 50.33508 117.07796
Test:312	0.09324	0.13975	0.09287	0.10884
Train:312 167.50983 49.88127 117.62851
Test:313	0.09326	0.13966	0.09285	0.10880
Train:313 164.56540 47.47243 117.09290
Test:314	0.09338	0.13981	0.09303	0.10898
Train:314 165.55263 48.34454 117.20808
Test:315	0.09331	0.13997	0.09296	0.10899
Train:315 166.06964 49.09011 116.97955
Test:316	0.09333	0.13994	0.09304	0.10902
Train:316 166.34666 49.60206 116.74463
Test:317	0.09325	0.14014	0.09295	0.10907
Train:317 166.60492 49.14661 117.45828
Test:318	0.09347	0.14004	0.09307	0.10905
Train:318 166.52716 49.52322 117.00392
Test:319	0.09354	0.13985	0.09312	0.10897
Train:319 165.36038 48.13249 117.22787
Test:320	0.09356	0.13979	0.09308	0.10887
Train:320 164.09663 47.17545 116.92121
Test:321	0.09358	0.13992	0.09316	0.10902
Train:321 163.47290 46.85122 116.62169
Test:322	0.09344	0.14013	0.09306	0.10902
Train:322 163.99281 46.99862 116.99419
Test:323	0.09348	0.14006	0.09312	0.10905
Train:323 164.71503 48.04246 116.67259
Test:324	0.09354	0.14006	0.09314	0.10905
Train:324 164.62494 47.88883 116.73610
Test:325	0.09369	0.13985	0.09317	0.10896
Train:325 164.50452 47.87593 116.62856
Test:326	0.09355	0.14009	0.09312	0.10905
Train:326 164.57605 48.22218 116.35384
Test:327	0.09344	0.13998	0.09305	0.10901
Train:327 163.97577 47.19825 116.77750
Test:328	0.09368	0.13999	0.09310	0.10895
Train:328 163.90773 47.37347 116.53425
Test:329	0.09361	0.13995	0.09322	0.10909
Train:329 165.24416 48.74328 116.50092
Test:330	0.09356	0.14029	0.09318	0.10920
Train:330 164.28535 47.65113 116.63426
Test:331	0.09363	0.14039	0.09325	0.10930
Train:331 164.53560 48.19418 116.34145
Test:332	0.09351	0.14039	0.09310	0.10923
Train:332 163.77441 47.19103 116.58340
Test:333	0.09336	0.14026	0.09298	0.10911
Train:333 164.13290 47.76212 116.37078
Test:334	0.09355	0.14026	0.09301	0.10908
Train:334 164.32043 48.02609 116.29435
Test:335	0.09369	0.14042	0.09315	0.10921
Train:335 163.70052 47.45407 116.24651
Test:336	0.09373	0.14042	0.09324	0.10929
Train:336 163.93184 47.72755 116.20427
Test:337	0.09350	0.14061	0.09317	0.10939
Train:337 163.20479 46.66534 116.53945
Test:338	0.09353	0.14037	0.09322	0.10932
Train:338 164.98865 48.88211 116.10653
Test:339	0.09370	0.14041	0.09333	0.10938
Train:339 164.51268 48.05963 116.45303
Test:340	0.09384	0.14055	0.09330	0.10934
Train:340 164.50621 48.09471 116.41151
Test:341	0.09369	0.14044	0.09326	0.10932
Train:341 165.17516 48.99484 116.18031
Test:342	0.09362	0.14071	0.09328	0.10949
Train:342 165.43687 48.79904 116.63783
Test:343	0.09364	0.14070	0.09334	0.10952
Train:343 163.73239 47.46613 116.26620
Test:344	0.09362	0.14091	0.09341	0.10965
Train:344 164.35558 48.02933 116.32626
Test:345	0.09365	0.14083	0.09343	0.10960
Train:345 164.71190 48.33735 116.37450
Test:346	0.09362	0.14111	0.09339	0.10972
Train:346 165.15181 48.93229 116.21957
Test:347	0.09358	0.14119	0.09342	0.10979
Train:347 164.04192 47.42981 116.61214
Test:348	0.09358	0.14080	0.09336	0.10956
Train:348 162.98782 46.89487 116.09290
Test:349	0.09362	0.14082	0.09341	0.10961
Train:349 162.95770 46.79210 116.16559
Test:350	0.09375	0.14081	0.09351	0.10964
Train:350 165.72733 49.72488 116.00245
Test:351	0.09371	0.14100	0.09352	0.10976
Train:351 163.78383 47.68573 116.09807
Test:352	0.09384	0.14092	0.09362	0.10975
Train:352 163.17911 46.83869 116.34045
Test:353	0.09388	0.14108	0.09371	0.10990
Train:353 164.00221 47.91740 116.08479
Test:354	0.09383	0.14074	0.09364	0.10971
Train:354 163.29407 47.26820 116.02588
Test:355	0.09382	0.14065	0.09355	0.10959
Train:355 163.96581 48.04728 115.91850
Test:356	0.09356	0.14099	0.09341	0.10970
Train:356 163.26921 47.40994 115.85931
Test:357	0.09373	0.14089	0.09343	0.10963
Train:357 164.65945 48.34347 116.31593
Test:358	0.09358	0.14087	0.09338	0.10966
Train:358 161.68324 45.88918 115.79401
Test:359	0.09369	0.14099	0.09350	0.10978
Train:359 165.32602 49.33610 115.98991
Test:360	0.09364	0.14092	0.09341	0.10967
Train:360 164.26553 48.37877 115.88677
Test:361	0.09381	0.14107	0.09352	0.10979
Train:361 164.01086 48.07024 115.94057
Test:362	0.09398	0.14093	0.09353	0.10968
Train:362 165.52350 49.27419 116.24936
Test:363	0.09396	0.14100	0.09355	0.10971
Train:363 163.52812 47.64191 115.88617
Test:364	0.09387	0.14074	0.09345	0.10954
Train:364 163.23061 47.22448 116.00614
Test:365	0.09397	0.14081	0.09356	0.10962
Train:365 164.00543 48.08309 115.92235
Test:366	0.09403	0.14084	0.09366	0.10973
Train:366 165.76004 49.74852 116.01156
Test:367	0.09393	0.14086	0.09363	0.10976
Train:367 225.57022 48.03251 177.53778
Test:368	0.09407	0.14065	0.09372	0.10969
Train:368 165.19804 48.76654 116.43152
Test:369	0.09393	0.14063	0.09363	0.10964
Train:369 163.99100 47.62537 116.36569
Test:370	0.09406	0.14072	0.09365	0.10963
Train:370 164.91917 48.91796 116.00121
Test:371	0.09404	0.14075	0.09375	0.10976
Train:371 165.67369 49.38928 116.28440
Test:372	0.09411	0.14066	0.09376	0.10973
Train:372 165.62814 49.19888 116.42935
Test:373	0.09401	0.14078	0.09369	0.10973
Train:373 163.70755 47.71366 115.99395
Test:374	0.09404	0.14060	0.09361	0.10959
Train:374 164.46979 48.33416 116.13564
Test:375	0.09398	0.14082	0.09366	0.10972
Train:375 163.22752 47.36837 115.85911
Test:376	0.09412	0.14087	0.09369	0.10970
Train:376 164.98268 49.04195 115.94083
Test:377	0.09416	0.14083	0.09365	0.10964
Train:377 163.28166 47.19837 116.08329
Test:378	0.09403	0.14081	0.09353	0.10953
Train:378 163.24367 47.48870 115.75502
Test:379	0.09410	0.14102	0.09360	0.10964
Train:379 163.87451 48.05712 115.81738
Test:380	0.09390	0.14085	0.09346	0.10954
Train:380 164.28206 48.34561 115.93644
Test:381	0.09378	0.14094	0.09343	0.10958
Train:381 163.15714 47.20023 115.95690
Test:382	0.09378	0.14078	0.09347	0.10955
Train:382 164.38042 48.37733 116.00316
Test:383	0.09382	0.14095	0.09346	0.10959
Train:383 162.46417 46.80513 115.65898
Test:384	0.09392	0.14085	0.09357	0.10966
Train:384 160.83656 45.26416 115.57242
Test:385	0.09382	0.14097	0.09357	0.10971
Train:385 162.58644 47.24075 115.34570
Test:386	0.09383	0.14101	0.09363	0.10975
Train:386 162.51024 46.94985 115.56036
Test:387	0.09392	0.14106	0.09366	0.10977
Train:387 165.43216 49.77581 115.65639
Test:388	0.09384	0.14109	0.09364	0.10983
Train:388 161.59918 46.07759 115.52165
Test:389	0.09374	0.14128	0.09361	0.10994
Train:389 162.24724 46.92050 115.32680
Test:390	0.09371	0.14136	0.09369	0.11004
Train:390 164.26721 48.93480 115.33244
Test:391	0.09377	0.14142	0.09372	0.11004
Train:391 163.57010 48.01842 115.55173
Test:392	0.09388	0.14139	0.09385	0.11011
Train:392 163.11548 47.51782 115.59758
Test:393	0.09379	0.14142	0.09377	0.11008
Train:393 164.22189 48.61391 115.60801
Test:394	0.09369	0.14113	0.09369	0.10996
Train:394 162.52577 47.17314 115.35265
Test:395	0.09392	0.14106	0.09373	0.10987
Train:395 163.69287 48.37988 115.31303
Test:396	0.09387	0.14078	0.09386	0.10989
Train:396 264.87808 47.56158 217.31642
Test:397	0.09386	0.14075	0.09387	0.10990
Train:397 162.92584 46.57711 116.34878
Test:398	0.09381	0.14060	0.09382	0.10984
Train:398 163.84119 47.71256 116.12867
Test:399	0.09363	0.14070	0.09371	0.10986
Train:399 160.98865 45.05801 115.93063
Test:400	0.09387	0.14085	0.09377	0.10985
Train:400 163.13254 47.27628 115.85625
Test:401	0.09413	0.14074	0.09395	0.10988
Train:401 264.25183 46.94945 217.30235
Test:402	0.09420	0.14084	0.09404	0.10992
Train:402 163.02547 46.53809 116.48733
Test:403	0.09398	0.14078	0.09387	0.10984
Train:403 162.88496 46.64225 116.24273
Test:404	0.09387	0.14091	0.09377	0.10986
Train:404 162.83287 46.70083 116.13204
Test:405	0.09393	0.14099	0.09381	0.10992
Train:405 164.19595 48.25223 115.94376
Test:406	0.09382	0.14095	0.09376	0.10995
Train:406 164.70117 48.46672 116.23452
Test:407	0.09392	0.14085	0.09373	0.10981
Train:407 162.69788 46.83946 115.85844
Test:408	0.09389	0.14111	0.09374	0.10991
Train:408 163.60495 47.62144 115.98355
Test:409	0.09383	0.14088	0.09367	0.10980
Train:409 163.16055 47.55426 115.60629
Test:410	0.09385	0.14130	0.09372	0.10999
Train:410 163.03200 47.28355 115.74846
Test:411	0.09375	0.14095	0.09365	0.10987
Train:411 162.55278 46.71764 115.83515
Test:412	0.09372	0.14088	0.09359	0.10980
Train:412 162.71886 47.21592 115.50298
Test:413	0.09366	0.14107	0.09354	0.10984
Train:413 163.05055 47.46696 115.58363
Test:414	0.09357	0.14094	0.09366	0.10991
Train:414 161.73552 46.35696 115.37849
Test:415	0.09374	0.14104	0.09368	0.10990
Train:415 164.01950 48.59837 115.42113
Test:416	0.09355	0.14106	0.09357	0.10991
Train:416 161.45853 46.07124 115.38728
Test:417	0.09377	0.14097	0.09362	0.10982
Train:417 162.41504 47.20188 115.21317
Test:418	0.09393	0.14107	0.09372	0.10990
Train:418 162.05681 46.57102 115.48582
Test:419	0.09379	0.14098	0.09372	0.10996
Train:419 261.13611 45.01051 216.12567
Test:420	0.09400	0.14112	0.09378	0.11000
Train:420 162.41440 46.55275 115.86165
Test:421	0.09417	0.14130	0.09391	0.11009
Train:421 163.34030 47.44094 115.89935
Test:422	0.09418	0.14115	0.09393	0.11006
Train:422 162.68466 47.02869 115.65595
Test:423	0.09421	0.14122	0.09391	0.11006
Train:423 162.05188 46.20959 115.84218
Test:424	0.09424	0.14113	0.09396	0.11008
Train:424 161.60518 46.17770 115.42744
Test:425	0.09422	0.14150	0.09406	0.11030
Train:425 161.10245 46.03247 115.06996
Test:426	0.09416	0.14126	0.09391	0.11007
Train:426 161.54840 46.14655 115.40186
Test:427	0.09410	0.14127	0.09386	0.11008
Train:427 162.13025 46.91865 115.21159
Test:428	0.09400	0.14146	0.09388	0.11019
Train:428 161.38431 45.95572 115.42862
Test:429	0.09407	0.14144	0.09387	0.11016
Train:429 161.44264 46.40903 115.03365
Test:430	0.09414	0.14151	0.09392	0.11020
Train:430 161.71484 46.65886 115.05597
Test:431	0.09440	0.14125	0.09408	0.11012
Train:431 162.53969 47.28976 115.24989
Test:432	0.09427	0.14131	0.09406	0.11020
Train:432 161.72414 46.86036 114.86372
Test:433	0.09434	0.14138	0.09414	0.11027
Train:433 161.72075 46.40746 115.31326
Test:434	0.09426	0.14154	0.09412	0.11032
Train:434 160.86736 45.99673 114.87061
Test:435	0.09424	0.14189	0.09408	0.11040
Train:435 161.15184 46.15011 115.00175
Test:436	0.09397	0.14158	0.09394	0.11029
Train:436 160.96223 45.86362 115.09865
Test:437	0.09412	0.14158	0.09409	0.11034
Train:437 161.62320 46.98954 114.63364
Test:438	0.09395	0.14149	0.09398	0.11030
Train:438 161.70129 46.68432 115.01698
Test:439	0.09410	0.14151	0.09409	0.11036
Train:439 162.76013 47.99203 114.76813
Test:440	0.09412	0.14143	0.09422	0.11039
Train:440 160.64618 45.95235 114.69384
Test:441	0.09439	0.14136	0.09430	0.11033
Train:441 162.97650 47.79007 115.18639
Test:442	0.09429	0.14154	0.09414	0.11031
Train:442 161.67741 47.01632 114.66113
Test:443	0.09444	0.14138	0.09419	0.11027
Train:443 161.66367 46.76266 114.90100
Test:444	0.09460	0.14147	0.09430	0.11036
Train:444 162.10075 47.26843 114.83231
Test:445	0.09463	0.14171	0.09430	0.11041
Train:445 160.31503 45.81305 114.50197
Test:446	0.09446	0.14165	0.09422	0.11038
Train:446 161.37065 46.17144 115.19924
Test:447	0.09453	0.14153	0.09421	0.11029
Train:447 160.15396 45.58103 114.57293
Test:448	0.09456	0.14146	0.09429	0.11033
Train:448 160.88116 45.98400 114.89714
Test:449	0.09454	0.14161	0.09418	0.11029
Train:449 161.23813 46.58554 114.65259
Test:450	0.09438	0.14161	0.09414	0.11034
Train:450 159.89203 45.34774 114.54430
Test:451	0.09434	0.14158	0.09408	0.11028
Train:451 162.34125 47.41079 114.93044
Test:452	0.09441	0.14162	0.09414	0.11033
Train:452 160.90219 46.30580 114.59643
Test:453	0.09431	0.14161	0.09412	0.11033
Train:453 161.55850 46.82649 114.73198
Test:454	0.09454	0.14146	0.09420	0.11026
Train:454 162.78558 48.06827 114.71737
Test:455	0.09442	0.14158	0.09422	0.11039
Train:455 162.75027 48.18633 114.56399
Test:456	0.09450	0.14137	0.09418	0.11022
Train:456 162.84894 47.74815 115.10073
Test:457	0.09432	0.14156	0.09415	0.11038
Train:457 162.01352 47.28783 114.72569
Test:458	0.09416	0.14143	0.09414	0.11033
Train:458 161.98235 47.01739 114.96504
Test:459	0.09426	0.14144	0.09415	0.11035
Train:459 163.72064 48.90596 114.81471
Test:460	0.09450	0.14142	0.09426	0.11033
Train:460 161.76721 47.04284 114.72438
Test:461	0.09439	0.14153	0.09415	0.11032
Train:461 263.51028 46.48886 217.02142
Test:462	0.09418	0.14156	0.09406	0.11032
Train:462 161.63789 46.23479 115.40310
Test:463	0.09441	0.14163	0.09420	0.11041
Train:463 162.59998 47.02790 115.57205
Test:464	0.09442	0.14162	0.09422	0.11045
Train:464 162.22746 47.06858 115.15894
Test:465	0.09429	0.14155	0.09423	0.11045
Train:465 160.68317 45.84576 114.83739
Test:466	0.09420	0.14159	0.09416	0.11042
Train:466 161.96681 46.77546 115.19136
Test:467	0.09425	0.14131	0.09419	0.11032
Train:467 162.14836 47.29885 114.84952
Test:468	0.09414	0.14137	0.09416	0.11036
Train:468 162.61015 47.65215 114.95802
Test:469	0.09417	0.14157	0.09411	0.11043
Train:469 162.76144 47.76796 114.99351
Test:470	0.09444	0.14170	0.09429	0.11054
Train:470 160.17807 45.56879 114.60925
Test:471	0.09422	0.14156	0.09415	0.11043
Train:471 159.93304 44.98499 114.94801
Test:472	0.09434	0.14151	0.09434	0.11054
Train:472 160.77129 46.23621 114.53505
Test:473	0.09421	0.14155	0.09427	0.11057
Train:473 163.52036 48.85463 114.66577
Test:474	0.09417	0.14153	0.09414	0.11046
Train:474 163.16805 48.33797 114.83009
Test:475	0.09433	0.14146	0.09422	0.11046
Train:475 161.87878 47.47601 114.40282
Test:476	0.09433	0.14126	0.09429	0.11041
Train:476 164.38126 49.33814 115.04305
Test:477	0.09430	0.14125	0.09426	0.11043
Train:477 161.56212 46.85684 114.70531
Test:478	0.09430	0.14163	0.09420	0.11048
Train:478 161.81255 47.09591 114.71663
Test:479	0.09441	0.14136	0.09417	0.11030
Train:479 164.55690 49.86435 114.69258
Test:480	0.09431	0.14158	0.09421	0.11044
Train:480 162.51866 48.00964 114.50902
Test:481	0.09430	0.14155	0.09418	0.11044
Train:481 162.69962 47.92028 114.77933
Test:482	0.09444	0.14162	0.09428	0.11049
Train:482 162.03198 47.48961 114.54232
Test:483	0.09459	0.14176	0.09432	0.11057
Train:483 160.30510 45.76714 114.53794
Test:484	0.09454	0.14158	0.09437	0.11056
Train:484 162.11499 47.76667 114.34830
Test:485	0.09450	0.14153	0.09434	0.11051
Train:485 161.63904 47.34091 114.29813
Test:486	0.09453	0.14161	0.09425	0.11042
Train:486 163.29951 48.50460 114.79490
Test:487	0.09450	0.14178	0.09422	0.11047
Train:487 161.88866 47.42802 114.46070
Test:488	0.09451	0.14166	0.09435	0.11050
Train:488 160.48169 45.93567 114.54604
Test:489	0.09461	0.14136	0.09442	0.11041
Train:489 162.22891 47.83947 114.38942
Test:490	0.09447	0.14155	0.09436	0.11048
Train:490 161.16287 46.92003 114.24286
Test:491	0.09453	0.14161	0.09438	0.11048
Train:491 162.05840 47.29866 114.75978
Test:492	0.09446	0.14164	0.09424	0.11042
Train:492 160.08769 45.53142 114.55627
Test:493	0.09469	0.14177	0.09438	0.11051
Train:493 162.04539 47.41352 114.63187
Test:494	0.09478	0.14171	0.09442	0.11048
Train:494 161.43744 46.98570 114.45177
Test:495	0.09473	0.14192	0.09447	0.11064
Train:495 160.83018 46.43229 114.39785
Test:496	0.09483	0.14212	0.09453	0.11067
Train:496 161.24434 46.58574 114.65855
Test:497	0.09466	0.14208	0.09443	0.11069
Train:497 161.38690 47.18661 114.20022
Test:498	0.09459	0.14186	0.09433	0.11055
Train:498 158.92555 44.58067 114.34490
Test:499	0.09472	0.14159	0.09430	0.11031
Train:499 161.41260 47.15976 114.25283
Test:500	0.09477	0.14175	0.09433	0.11036
Train:500 160.19907 45.96513 114.23386
Test:501	0.09495	0.14183	0.09451	0.11051
